#lon lat ve vn se sn corr name
170.04809 -45.78191 -29.09052 -12.51976 0.46146 0.68776 0 e2k3
169.76638 -45.97028 -28.63806 -12.61255 0.43433 0.67942 0 dqyr
169.16980 -45.08040 -29.36756 -11.78825 0.71523 0.55101 0 e2k4
169.42533 -45.67637 -28.65974 -12.80016 0.62176 0.68461 0 dqyq
169.35455 -44.93327 -28.26558 -12.32200 0.76035 0.67653 0 dqyp
169.61548 -45.10690 -28.53174 -11.98323 0.61837 0.81037 0 dqyn
169.62900 -45.26284 -28.52167 -12.55550 0.76537 0.76731 0 dqym
169.97852 -45.04760 -28.81581 -12.48177 0.76910 0.74170 0 dqyl
169.80312 -45.47854 -28.28569 -13.06864 0.70318 0.70252 0 dqyk
170.06689 -45.28491 -28.69872 -12.44460 0.82283 0.83038 0 dqyj
170.21600 -45.38304 -28.82936 -12.75281 0.86656 0.95827 0 dqyh
170.32169 -45.46702 -29.78401 -13.23720 0.63882 1.04128 0 dqyg
170.51726 -45.37091 -29.31521 -12.22565 0.55961 0.93568 0 dqyf
169.20610 -44.28609 -22.18083 -9.81004 0.44365 0.50664 0 dpx3
169.30232 -44.74860 -26.68103 -11.49540 0.37750 0.61611 0 dme5
169.90345 -44.93835 -28.41107 -11.85485 0.50443 0.45108 0 dme3
170.12325 -45.56568 -28.18892 -11.85007 0.62257 0.58863 0 dme1
170.12120 -46.14650 -28.64081 -10.63911 1.02752 0.56799 0 ecfh
170.08120 -46.20190 -26.92649 -10.87556 1.36859 1.47322 0 ecfg
169.32070 -45.47390 -28.31914 -12.05083 1.12118 0.66929 0 e2k6
169.00359 -43.86082 -6.95000 -0.75854 0.46000 0.46000 0 6731
169.25068 -44.19470 -21.57000 -10.02894 0.62000 0.81000 0 aady
170.21792 -46.05620 -28.30964 -11.79331 1.42246 1.60691 0 em6l
170.85798 -45.35703 -28.89326 -11.87479 2.41398 2.19398 0 dy3p
168.54036 -44.11938 -7.00013 -2.60240 3.81252 1.23707 0 a31r
170.70018 -44.98252 -29.62777 -12.30623 1.48790 1.19632 0 eebp
170.53420 -44.80707 -30.22683 -12.46392 1.42823 1.13718 0 eebn
170.24890 -44.61759 -30.83323 -13.28548 1.94603 1.79086 0 eebm
169.86690 -44.54377 -28.61006 -12.12388 2.14547 1.25554 0 eebl
169.49640 -44.69768 -27.97312 -12.07259 1.74672 1.51287 0 eebk
168.75572 -45.12799 -28.20938 -11.63437 1.52769 1.55254 0 eebj
168.70860 -45.45650 -28.15321 -10.72703 2.34500 1.05848 0 eebh
168.82119 -45.91301 -28.82592 -11.74044 1.44811 1.03884 0 eebg
169.37308 -46.12972 -27.66979 -11.85999 1.66704 1.05848 0 eebf
170.15049 -46.16310 -27.22556 -11.00675 1.46800 1.09781 0 ecfj
169.04498 -43.88000 -9.16000 -3.63856 0.72000 0.65000 0 b8nc
169.04636 -43.86093 -8.38000 -1.53854 0.70000 0.62000 0 b8na
169.39962 -43.99913 -21.56000 -9.76871 0.62000 0.60000 0 b8lg
169.23993 -43.96076 -17.16000 -6.40866 0.49000 0.54000 0 b8kt
169.14439 -43.94258 -12.98000 -4.80864 0.97000 0.70000 0 b8kf
174.45817 -39.73995 -3.31018 -0.56392 1.61000 0.78000 0 b2x8
169.38411 -44.38171 -26.32000 -12.12917 0.52000 0.50000 0 aa8v
169.41631 -44.31289 -25.26000 -12.10909 0.45000 0.53000 0 a07h
169.07449 -43.91096 -11.06000 -5.35860 0.94000 0.91000 0 a071
169.35868 -44.10025 -22.15000 -9.10883 0.60000 0.46000 0 a00f
179.41300 -16.43200 -9.59297 -1.14358 0.34418 0.26791 0 ului
167.20300 -15.44700 -33.92067 -14.25040 2.70360 1.14961 0 san7
168.31900 -17.72900 -85.29560 -39.09121 1.46541 0.81987 0 ptv0
149.10300 -33.30300 0.47149 0.72973 2.46146 2.55826 0 org0
171.31710 -42.24550 NaN NaN NaN NaN 0 h22_227
172.77520 -42.66176 NaN NaN NaN NaN 0 h22_171
172.79279 -42.55283 NaN NaN NaN NaN 0 h22_166
170.25273 -46.00028 -28.82007 -12.49421 0.63379 0.59334 0 sc05
170.08678 -45.96627 -28.78427 -13.24110 0.67440 0.59334 0 sc04
170.01286 -46.05740 -27.80730 -14.88304 0.72341 0.66176 0 sc03
170.01351 -46.16295 -28.93531 -13.74259 0.59969 0.57872 0 sc02
168.08965 -44.43158 -15.85249 -3.61847 2.12453 2.91300 0 emyu
168.08881 -44.33111 -11.98786 -1.84904 2.37405 4.30203 0 emyt
168.26292 -44.32801 -13.62471 -4.70114 2.60369 6.38137 0 emyr
168.24517 -44.26411 -8.31495 -2.40318 2.01478 3.20273 0 emyq
168.36308 -44.25372 -12.15992 -4.88312 4.06237 4.90178 0 emyp
168.41509 -44.16433 -10.67607 -2.23775 1.22785 1.63534 0 emyn
168.48323 -44.20655 -12.88869 -3.92135 5.55173 4.17209 0 emym
168.48111 -44.14886 -9.35457 -3.59279 1.16826 1.22713 0 emyl
168.57875 -44.14430 -11.75548 -3.95620 1.88511 2.52346 0 emyk
168.58954 -44.07952 -8.27109 -2.54883 2.68358 1.31664 0 emyj
168.68554 -44.10511 -11.09439 -3.47321 1.63589 1.60544 0 emyh
170.84155 -45.38222 -29.69968 -10.79741 0.82011 1.97174 0 eayv
170.86534 -45.39270 -29.60465 -12.33954 2.13451 2.55342 0 e2k7
169.24485 -44.53500 -28.99969 -11.73839 13.93069 1.42613 0 ae9g
168.88708 -43.91304 -7.78756 -2.74504 1.74551 7.66114 0 a3kq
169.30269 -44.73319 -30.89861 -12.33835 7.63126 0.67309 0 a1m4
175.55300 -39.23600 1.00811 -3.44629 0.74000 0.49000 0 9211
176.00900 -38.73400 4.88595 -5.61954 1.42000 1.10000 0 9204
175.52700 -39.30300 -0.05139 -2.54564 0.62000 0.61000 0 9202
174.87400 -41.33400 -25.27001 -8.74558 1.20000 1.28000 0 8801
175.27300 -41.09300 -25.35001 -8.35532 0.47000 0.62000 0 8411
175.03800 -41.21900 -25.39001 -8.87546 1.29000 1.41000 0 8304
174.92900 -41.23500 -23.79001 -7.71547 0.52000 0.62000 0 8208
174.80400 -41.15500 -18.93002 -5.15538 0.76000 0.63000 0 8202
174.64600 -41.31100 -20.65001 -6.83555 1.07000 0.88000 0 8121
175.50600 -40.97400 -24.60001 -9.36520 1.64000 1.36000 0 7802
175.10500 -41.11500 -22.35002 -7.50535 0.57000 0.46000 0 7505
175.07900 -41.07700 -20.49002 -6.81530 0.67000 0.56000 0 7501
174.97800 -41.01300 -18.43002 -5.43523 0.45000 0.48000 0 7407
175.00100 -41.11400 -20.67002 -6.12535 0.59000 0.68000 0 7402
176.78500 -37.95300 5.66735 -14.10353 1.33000 1.27000 0 6891
170.29300 -43.81600 -25.23000 -10.70848 0.58000 0.84000 0 6740
169.21300 -43.77400 -7.91000 -0.81843 0.60000 0.55000 0 6739
169.67900 -43.57500 -7.39000 -0.76819 0.62000 0.68000 0 6738
169.79400 -43.57100 -10.24000 -1.83819 0.57000 0.63000 0 6737
169.91000 -43.49000 -8.17000 -0.84809 0.71000 0.79000 0 6736
169.93900 -43.72500 -20.16000 -7.55837 0.58000 0.74000 0 6735
169.99800 -43.65800 -19.39000 -7.38829 0.84000 0.71000 0 6734
169.95800 -43.60600 -16.50000 -4.31823 0.57000 0.63000 0 6733
169.36600 -43.87200 -16.01000 -5.30855 0.54000 0.75000 0 6730
169.33800 -43.81500 -13.22000 -3.83848 0.52000 0.53000 0 6729
169.44700 -43.75200 -11.98000 -2.74841 0.56000 0.46000 0 6726
169.38400 -43.65000 -6.65000 -0.86828 0.58000 0.66000 0 6725
169.47200 -43.66900 -8.04000 -1.50831 0.70000 0.68000 0 6724
169.55600 -43.58800 -6.88000 -0.50821 0.74000 1.05000 0 6723
169.65400 -43.65200 -11.55000 -2.17829 0.61000 0.95000 0 6722
169.94400 -43.56600 -13.85000 -3.38818 0.56000 0.70000 0 6719
169.80600 -43.51600 -10.01000 -0.66812 1.76000 1.27000 0 6718
169.77400 -43.44700 -5.82000 -0.78804 0.63000 0.50000 0 6717
169.85400 -43.39600 -5.47000 -0.80798 0.61000 0.52000 0 6716
169.96000 -43.45600 -8.66000 -1.38805 0.42000 0.53000 0 6715
170.00100 -43.49500 -12.25000 -0.84810 0.61000 0.80000 0 6714
170.14900 -43.45600 -12.66000 -0.41805 0.55000 0.65000 0 6713
170.05500 -43.28500 -5.38000 -0.42785 0.55000 0.74000 0 6712
170.13300 -43.23600 -4.91000 -0.36779 0.56000 0.83000 0 6711
170.11000 -43.85900 -24.14000 -10.17854 0.70000 0.77000 0 6709
170.13200 -43.99700 -26.24000 -10.99870 0.78000 0.75000 0 6708
170.13300 -44.10700 -28.63000 -12.36884 1.41000 2.34000 0 6707
170.21800 -43.64200 -23.74000 -8.54827 0.67000 0.67000 0 6706
170.32500 -43.97600 -27.36000 -11.97868 0.52000 0.67000 0 6705
170.48000 -44.22400 -30.13000 -11.73898 0.52000 0.82000 0 6704
170.79600 -44.27900 -30.99000 -12.16905 0.54000 0.52000 0 6703
170.45100 -43.87800 -26.92000 -11.72856 0.57000 0.62000 0 6701
169.15000 -52.54500 -19.30000 -14.21981 0.53000 0.62000 0 5514
171.31400 -43.29800 -24.45000 -9.44786 0.58000 0.63000 0 5512
171.35400 -43.23900 -24.49000 -9.42779 0.58000 0.63000 0 5511
168.25300 -46.53700 -26.64000 -12.69185 0.64000 0.66000 0 5509
172.74300 -43.58100 -32.94000 -10.66820 0.47000 0.49000 0 5508
166.22800 -50.51700 -24.60000 -17.93704 0.59000 0.54000 0 5507
183.52200 -43.81900 -34.95000 -0.72849 2.47000 1.42000 0 5504
174.95200 -41.11400 -20.38002 -6.13535 0.49000 0.53000 0 5502
175.15500 -41.08800 -22.09002 -8.84532 0.84000 0.82000 0 5466
175.44700 -41.20400 -29.65001 -10.06545 0.58000 0.46000 0 5462
175.39100 -41.17000 -28.59001 -9.85541 0.57000 0.62000 0 5452
175.35300 -41.13500 -27.31001 -9.88537 0.47000 0.39000 0 5446
175.45000 -41.09000 -26.92001 -9.88533 0.53000 0.61000 0 5426
175.40500 -41.10800 -28.16001 -8.45535 1.34000 0.75000 0 5423
175.30900 -41.11000 -24.50001 -10.08534 0.49000 0.54000 0 5414
175.18500 -41.07900 -23.99002 -8.51530 0.91000 0.99000 0 5402
175.34850 -41.20350 -29.06878 -9.72820 0.37978 0.47488 0 5342
175.34300 -41.28400 -31.27001 -9.44553 0.40000 0.43000 0 5341
175.28400 -41.26100 -30.02001 -9.69550 0.51000 0.44000 0 5340
175.00900 -41.39000 -29.19001 -9.34564 0.59000 0.49000 0 5339
174.90200 -41.41800 -28.79001 -9.03568 0.47000 0.51000 0 5338
174.88100 -41.09000 -18.98002 -5.38532 0.49000 0.62000 0 5337
175.19700 -41.14500 -25.08001 -7.77538 0.53000 0.47000 0 5335
175.23000 -41.11900 -24.97001 -9.05535 0.51000 0.45000 0 5333
175.39400 -41.56700 -32.93001 -9.84585 0.49000 0.42000 0 5332
175.42600 -41.51300 -32.49001 -9.95579 0.56000 0.45000 0 5331
175.58500 -41.48700 -32.67001 -9.59577 0.55000 0.74000 0 5330
175.49700 -41.52600 -32.49001 -9.09580 0.47000 0.61000 0 5329
175.46800 -41.38200 -32.33001 -9.82564 0.49000 0.49000 0 5328
175.48000 -41.29300 -31.09001 -9.82554 0.43000 0.48000 0 5327
175.39400 -41.36600 -31.79001 -9.85563 0.53000 0.50000 0 5326
175.38300 -41.32300 -31.44001 -9.43558 0.51000 0.43000 0 5325
175.19800 -41.20900 -26.32001 -9.50545 0.75000 0.60000 0 5324
175.19600 -41.16600 -25.20001 -8.81541 0.51000 0.50000 0 5323
174.88400 -41.14100 -19.61002 -5.49537 0.46000 0.45000 0 5322
174.85600 -41.13100 -19.14002 -5.14535 0.51000 0.50000 0 5321
174.85400 -41.15600 -20.21002 -5.39538 0.54000 0.61000 0 5320
174.80400 -41.13300 -18.15002 -4.46536 0.41000 0.48000 0 5319
174.88000 -41.06000 -17.89002 -4.55528 0.45000 0.48000 0 5318
174.83900 -41.06200 -18.17002 -4.35529 0.57000 0.52000 0 5317
174.82300 -41.10900 -18.30002 -4.86533 0.66000 0.90000 0 5315
174.85500 -41.07500 -17.54002 -3.06530 2.49000 1.81000 0 5314
174.84800 -41.09400 -18.74002 -4.93532 0.46000 0.71000 0 5313
174.90200 -41.02500 -18.02002 -4.73524 0.54000 0.44000 0 5312
174.91400 -41.14200 -20.21002 -5.78537 0.59000 0.54000 0 5310
174.94900 -41.17000 -21.96002 -6.76540 0.45000 0.52000 0 5309
174.90600 -41.16300 -20.52084 -6.49936 1.15672 0.57117 0 5308
174.90700 -41.10500 -19.60002 -5.50533 0.49000 0.51000 0 5307
174.96800 -41.18500 -22.42001 -7.01542 0.50000 0.48000 0 5306
174.97100 -41.14500 -21.34002 -6.65538 0.52000 0.51000 0 5305
175.03200 -41.14800 -23.37002 -7.35538 0.49000 0.44000 0 5304
175.07200 -41.13600 -23.21002 -7.87537 0.59000 0.55000 0 5303
175.01100 -41.13700 -21.88002 -7.02537 0.43000 0.44000 0 5302
175.02800 -41.19100 -24.39001 -8.00542 0.42000 0.43000 0 5301
171.99500 -43.77600 -31.98000 -11.08844 0.46000 0.62000 0 5134
171.61100 -43.53800 -30.15000 -11.46815 0.51000 0.49000 0 5129
171.48300 -42.57400 -5.85000 -0.71700 0.54000 0.60000 0 5127
171.13700 -42.88800 -7.69000 -1.58737 0.53000 0.51000 0 5125
171.14000 -42.59400 -3.81000 -0.31702 0.70000 0.74000 0 5124
171.20600 -42.66200 -4.67000 -0.50710 0.78000 0.69000 0 5123
171.29100 -42.73600 -6.21000 -0.96719 0.63000 0.53000 0 5122
171.35000 -42.76800 -7.50000 -0.83723 0.63000 0.52000 0 5121
171.52300 -42.74400 -9.49000 -1.33720 0.56000 0.64000 0 5120
171.56500 -42.75900 -10.76000 -1.96722 0.60000 0.51000 0 5119
171.62400 -42.76900 -12.01000 -2.61723 0.62000 0.58000 0 5118
171.59800 -42.79000 -12.59000 -3.46725 0.56000 0.86000 0 5117
171.56100 -42.83200 -13.85000 -4.11730 0.69000 0.67000 0 5116
171.55900 -42.90800 -17.44000 -4.75739 0.67000 0.52000 0 5112
171.56900 -42.95000 -18.64000 -4.87744 0.74000 0.59000 0 5111
171.59200 -42.98200 -20.16000 -5.76748 0.55000 0.52000 0 5110
171.58900 -43.00900 -21.22000 -6.35752 0.49000 0.58000 0 5109
171.73500 -43.00800 -22.70000 -9.50751 2.06000 2.16000 0 5107
171.77900 -43.09200 -24.74000 -8.95761 0.56000 0.52000 0 5106
171.72500 -43.21300 -26.35000 -9.58776 0.56000 0.59000 0 5105
171.71000 -43.29400 -27.60000 -10.41786 0.53000 0.61000 0 5104
171.87500 -43.33000 -29.82000 -10.85790 0.64000 0.63000 0 5103
172.00300 -43.38000 -30.78000 -10.62796 0.55000 0.52000 0 5102
172.11800 -43.50200 -31.47000 -10.73811 0.62000 0.66000 0 5101
175.41700 -40.87300 -20.63002 -8.52510 0.55000 0.45000 0 5078
171.55700 -42.88300 -15.71000 -4.64737 0.87000 0.57000 0 5009
172.67300 -43.79400 -32.03000 -10.21846 0.51000 0.51000 0 5006
173.09000 -43.76400 -32.43000 -10.16842 0.64000 0.64000 0 5005
172.97400 -43.88500 -32.22000 -10.40857 0.55000 0.61000 0 5004
171.43000 -43.17500 -22.90000 -8.91771 0.54000 0.55000 0 5003
171.52800 -43.24800 -26.06000 -10.17780 0.45000 0.52000 0 5002
171.48300 -42.78500 -8.36000 -1.53725 2.10000 1.43000 0 5001
169.99400 -44.44200 -29.33000 -14.52925 1.55000 1.44000 0 4115
169.99800 -44.31400 -27.60000 -12.22909 1.23000 1.08000 0 4044
170.11200 -44.14100 -27.74000 -11.08888 0.50000 0.55000 0 4036
170.26900 -44.10500 -28.61000 -11.93883 0.70000 0.65000 0 4024
170.05100 -44.24300 -28.39000 -12.24900 0.46000 0.46000 0 4001
175.25400 -41.14000 -25.55001 -9.35538 0.50000 0.40000 0 3564
175.25300 -41.15200 -24.87001 -9.87539 0.83000 0.67000 0 3544
175.26800 -41.16000 -25.72001 -9.91540 0.49000 0.48000 0 3543
175.08850 -41.10550 -23.01322 -6.99023 1.26925 0.64782 0 3528
171.48600 -42.73300 -8.06000 -1.16719 0.56000 0.53000 0 3512
171.46200 -42.70800 -7.83000 0.79284 1.40000 1.17000 0 3503
171.46300 -42.74050 -7.98923 -0.70220 0.46521 0.30945 0 3502
176.70300 -38.45400 4.12160 -10.95059 1.01000 1.04000 0 2405
177.00900 -37.95500 5.10454 -13.81854 1.07000 1.18000 0 2402
176.64400 -38.60800 3.17949 -11.08193 0.54232 0.43326 0 2398
176.89200 -39.23400 0.88171 -16.68607 0.60000 0.79000 0 2393
176.81900 -39.02900 1.53462 -14.42960 0.99000 0.59000 0 2392
177.17800 -38.81500 2.32524 -17.08633 0.80000 0.69000 0 2389
176.63000 -39.17900 1.31231 -13.37880 0.68000 0.55000 0 2386
176.23600 -38.58500 1.86890 -8.32317 1.26000 0.83000 0 2373
176.09400 -38.63300 -0.71570 -5.12165 0.55000 0.75000 0 2353
176.51700 -38.02600 3.27053 -1.63661 1.24000 1.43000 0 2346
176.51000 -38.83100 3.46441 -10.78606 0.62000 0.62000 0 2345
176.58400 -38.28600 1.96482 -8.60198 0.93000 1.00000 0 2306
176.26000 -38.89000 3.99966 -9.58867 0.52000 0.66000 0 2275
175.98600 -38.59800 4.25965 -3.89706 2.56000 2.36000 0 2164
176.15600 -38.52100 0.63946 -6.10421 0.94000 0.82000 0 2137
176.02100 -38.51800 2.42034 -6.17022 1.16000 0.76000 0 2118
175.91500 -38.61600 0.07404 -3.38838 0.49000 0.53000 0 2085
176.21400 -38.79100 4.49667 -7.81451 0.77000 0.79000 0 2016
176.12100 -38.68600 -0.25718 -3.26114 1.28000 1.33000 0 2013
175.99700 -38.70900 3.93839 -2.07056 1.29000 1.54000 0 2012
176.03000 -38.65700 5.30640 -1.17312 1.77000 1.31000 0 2011
175.92700 -38.68300 1.24182 -1.00737 1.33000 0.88000 0 2010
175.95700 -38.66600 0.14299 -1.54401 1.07000 0.59000 0 2009
175.96700 -38.64400 2.75433 -3.10364 1.35000 1.14000 0 2008
175.88500 -38.62400 1.46208 -3.36997 0.94000 0.65000 0 2006
175.80500 -38.67200 0.40849 -2.99850 0.82000 0.72000 0 2004
175.74600 -38.61000 -0.74590 -3.74083 1.03000 0.85000 0 2001
177.66400 -38.30000 2.69268 -17.51220 0.77000 0.72000 0 1583
175.73700 -40.84900 -24.55001 -10.59508 0.69000 0.67000 0 1527
176.46900 -39.68800 -4.92984 -12.76479 0.59000 0.49000 0 1502
176.91700 -39.47900 -4.27935 -15.20481 0.60000 0.47000 0 1501
171.01300 -42.73400 -4.36000 0.17281 0.48000 0.43000 0 1421
170.83000 -42.95300 -5.87000 0.13255 0.46000 0.47000 0 1420
171.09600 -42.99600 -11.46000 -3.43750 0.63000 0.76000 0 1415
171.41900 -43.38600 -26.94000 -10.88797 0.58000 0.48000 0 1412
171.78600 -43.03600 -23.61000 -8.66755 0.70000 0.74000 0 1410
171.68900 -43.11300 -23.45000 -9.21764 0.63000 0.67000 0 1409
172.08600 -43.22300 -29.13000 -10.37777 0.48000 0.57000 0 1408
171.43400 -43.11400 -21.14000 -9.27764 0.55000 0.66000 0 1405
171.25700 -43.19600 -21.14000 -8.31774 0.59000 0.52000 0 1403
171.72300 -43.35600 -28.74000 -11.12793 0.59000 0.66000 0 1402
171.77000 -43.25800 -28.43000 -11.55781 0.92000 0.80000 0 1401
171.63500 -43.23300 -26.25000 -10.13778 0.69000 0.82000 0 1400
172.88800 -34.43200 0.08000 -0.45811 0.40000 0.41000 0 1396
177.76900 -37.82500 3.44137 -16.45109 0.72000 0.49000 0 1304
177.30800 -37.99500 4.56723 -14.60941 0.56000 0.74000 0 1297
178.34900 -38.07500 10.53049 -20.27183 0.53000 0.66000 0 1295
177.50900 -38.07500 2.60397 -15.68110 0.82000 0.84000 0 1294
177.86300 -38.10900 2.18147 -16.97173 0.70000 0.52000 0 1292
177.24400 -38.17500 2.11204 -16.61084 0.63000 1.13000 0 1285
176.85700 -38.35000 4.19208 -11.76933 1.68000 1.98000 0 1282
178.05700 -38.37200 0.92096 -18.05227 0.80000 0.58000 0 1281
178.32500 -38.39700 -1.09945 -18.53228 0.57000 0.52000 0 1279
176.44800 -38.54500 3.47360 -9.52442 0.91000 1.44000 0 1276
178.10200 -38.55800 -3.59919 -17.89258 0.55000 0.62000 0 1274
177.80500 -38.57500 1.11158 -17.84282 0.44000 0.47000 0 1273
177.13900 -38.57700 1.79178 -15.26751 0.76000 0.78000 0 1272
176.71300 -38.94300 2.55841 -12.85533 0.54000 0.47000 0 1263
175.63700 -39.12900 2.17667 -4.60860 0.77000 0.77000 0 1261
177.14800 -39.13000 0.65195 -18.15524 0.58000 0.74000 0 1260
175.19800 -39.46000 -1.48065 -2.94429 0.60000 0.67000 0 1252
175.73600 -39.54200 -1.79048 -4.66502 0.75000 0.49000 0 1244
175.48100 -39.75500 -3.27027 -3.58440 0.90000 0.64000 0 1239
176.49700 -40.00100 -10.96994 -11.90451 0.57000 0.49000 0 1236
176.78300 -40.09300 -10.94992 -16.07448 0.93000 0.67000 0 1235
176.33900 -40.18100 -13.27999 -11.37456 0.64000 0.56000 0 1233
175.88100 -40.21100 -11.95004 -8.11456 0.48000 0.56000 0 1232
175.48800 -40.24000 -9.45007 -4.47453 0.72000 0.60000 0 1231
176.45300 -40.38500 -18.81998 -13.03467 0.77000 0.66000 0 1230
175.25900 -40.49300 -12.83005 -4.14471 0.61000 0.52000 0 1229
175.62500 -40.51000 -17.52003 -5.73475 0.46000 0.46000 0 1228
176.00600 -40.58000 -22.88001 -10.17483 0.61000 0.56000 0 1227
175.44300 -40.79700 -19.85002 -7.73502 0.42000 0.40000 0 1226
173.86800 -40.85400 -6.39002 -0.76503 2.23000 1.38000 0 1224
175.39000 -41.07500 -24.82001 -9.68531 0.41000 0.41000 0 1222
175.51300 -41.12800 -28.66001 -10.56537 0.42000 0.51000 0 1216
175.65200 -41.18000 -29.77001 -10.82542 0.48000 0.42000 0 1215
174.87400 -41.18300 -21.24002 -6.39541 0.56000 0.57000 0 1214
174.77800 -41.23100 -20.57001 -6.05547 0.62000 0.45000 0 1212
174.82800 -41.29400 -23.75001 -7.56554 0.52000 0.55000 0 1207
174.71100 -41.34100 -22.72001 -7.08559 0.53000 0.46000 0 1202
175.33200 -41.39900 -31.91001 -8.86566 0.53000 0.58000 0 1193
172.73500 -42.01400 -10.59001 -0.65635 0.91000 0.86000 0 1171
172.38000 -43.27000 -30.98000 -10.46783 0.55000 0.48000 0 1132
172.13700 -43.38000 -31.38000 -11.21796 0.41000 0.44000 0 1131
171.74200 -43.46800 -30.04000 -11.34806 0.52000 0.54000 0 1123
171.36100 -43.74700 -30.99000 -11.90840 0.69000 0.81000 0 1115
171.56500 -44.00800 -31.94000 -11.73872 0.61000 0.59000 0 1112
171.29900 -44.20500 -31.65000 -11.87896 0.53000 0.57000 0 1109
171.10300 -44.09100 -31.16000 -11.86882 0.52000 0.90000 0 1108
170.92000 -44.12200 -30.82000 -11.10886 0.58000 0.64000 0 1107
170.27800 -44.13900 -27.85000 -11.27888 2.31000 1.39000 0 1105
171.25800 -44.44300 -31.34000 -11.83925 0.53000 0.66000 0 1104
171.05700 -44.40100 -31.11000 -11.97920 0.62000 0.58000 0 1103
170.60300 -44.30000 -30.50000 -11.77907 0.50000 0.56000 0 1102
170.65400 -44.96800 -32.13000 -12.27989 1.41000 1.31000 0 1097
170.96500 -44.83000 -31.91000 -10.03972 1.32000 1.19000 0 1094
170.69500 -44.74400 -30.84000 -12.52962 1.94000 1.73000 0 1093
170.32600 -44.80400 -30.69000 -13.91969 1.47000 1.51000 0 1065
169.76300 -44.73400 -28.54000 -12.94960 0.97000 1.31000 0 1064
169.37900 -44.48300 -26.38000 -12.32930 2.11000 2.24000 0 1063
169.76900 -44.31800 -27.29000 -13.03909 1.19000 1.26000 0 1062
169.19100 -44.87200 -28.00000 -10.79977 0.78000 0.67000 0 1043
169.19800 -45.38800 -28.01000 -13.24041 0.67000 0.71000 0 1017
167.73900 -45.56200 -24.64000 -11.41063 0.71000 0.75000 0 1004
167.65500 -45.31400 -23.78000 -3.09032 0.85000 1.30000 0 1002
170.70900 -44.52000 -31.16000 -12.05934 0.70000 0.84000 0 eejg
176.67300 -37.86200 0.15712 -7.70684 2.41000 2.00000 0 eay8
175.10900 -41.16800 -25.36001 -9.09541 1.83000 1.50000 0 eaxw
175.32100 -41.60700 -33.61001 -10.23590 0.98000 1.48000 0 eaxv
175.05100 -41.26300 -27.24001 -9.22551 1.38000 1.24000 0 eaxu
175.40300 -41.45100 -33.73001 -10.18572 1.03000 1.25000 0 eaxt
175.35600 -41.52300 -33.59001 -9.70580 1.42000 0.99000 0 eaxr
175.79100 -41.17900 -29.30001 -11.23542 1.05000 1.19000 0 eaxq
175.19700 -41.52300 -33.26001 -9.72580 1.16000 1.13000 0 eaxp
174.70400 -41.23200 -19.47001 -5.35547 1.84000 0.91000 0 eaxn
167.13500 -45.00400 -19.05000 -0.24994 1.64000 2.07000 0 dn4g
175.54100 -40.92100 -23.51002 -9.62515 0.69000 0.60000 0 dk29
176.03100 -40.88600 -25.97001 -9.06512 0.91000 0.84000 0 dk1u
175.89100 -40.88300 -25.89001 -9.14512 0.63000 0.61000 0 dk1r
176.06000 -40.71400 -25.77001 -9.51496 0.62000 0.71000 0 dk1q
175.85700 -40.68200 -23.38001 -9.85492 0.73000 0.74000 0 dk1p
176.02200 -40.30200 -17.55002 -8.96462 0.65000 0.69000 0 dk1n
171.73500 -42.71100 -10.99000 -1.97716 0.88000 0.84000 0 dk0t
171.83200 -42.60700 -8.60000 -0.33704 0.81000 0.84000 0 dk0r
171.49300 -42.99600 -18.61000 -5.23750 0.84000 0.92000 0 dk0q
171.48800 -42.91900 -16.17000 -4.21741 0.86000 1.26000 0 dk0p
171.87700 -42.69300 -12.69000 -2.44714 0.87000 0.87000 0 dk0n
171.70800 -42.66900 -8.76000 -0.68711 0.88000 0.76000 0 dk0m
171.79900 -42.78800 -16.99000 -3.26725 1.06000 1.11000 0 dk0l
174.74900 -41.17800 -18.25002 -5.00541 1.78000 0.89000 0 df6h
168.67000 -45.04300 -27.62000 -8.42998 1.67000 0.95000 0 df5e
168.94500 -44.87200 -27.40000 -9.86977 0.99000 1.01000 0 df5a
168.40900 -44.87300 -26.94000 -9.05977 1.01000 1.27000 0 df59
168.78600 -44.49800 -23.89000 -8.07931 1.09000 1.34000 0 df57
168.46900 -44.64400 -23.17000 -8.79949 1.02000 1.17000 0 df56
168.96600 -44.16700 -19.91000 -6.18891 0.87000 1.01000 0 df53
168.33800 -44.22900 -9.19000 -0.73899 0.99000 0.98000 0 df52
168.68500 -44.27200 -17.81000 -7.07904 1.06000 1.12000 0 df51
167.86800 -44.78500 -25.18000 -6.42967 0.87000 0.95000 0 df50
167.96700 -44.99700 -30.44000 -7.98993 1.30000 1.16000 0 df4y
167.37800 -45.69300 -24.15000 -8.70079 1.36000 1.82000 0 df4x
167.41100 -45.46000 -22.44000 -6.44050 1.40000 1.23000 0 df4w
167.55900 -45.40200 -23.06000 -4.16043 1.24000 1.33000 0 df4v
167.18000 -45.34300 -21.45000 -5.73036 1.67000 1.16000 0 df4u
167.21600 -45.26800 -19.96000 -3.43026 1.26000 0.89000 0 df4q
167.52600 -45.11500 -21.46000 -5.44007 1.18000 1.75000 0 df4p
167.63300 -44.86800 -17.77000 -3.51977 2.13000 1.93000 0 df4n
167.52300 -45.02500 -23.32000 -4.75996 1.48000 1.28000 0 df4m
166.79700 -45.44300 -20.47000 -4.57048 1.46000 1.44000 0 df4l
167.07700 -45.52000 -20.64000 -6.02058 1.36000 1.54000 0 df4k
166.87300 -45.70300 -20.17000 -7.86080 1.04000 1.38000 0 df4j
166.88600 -45.83400 -22.18000 -10.75097 1.57000 1.43000 0 df4h
167.11900 -45.70600 -21.69000 -9.26081 1.09000 1.99000 0 df4g
167.20200 -45.89500 -23.04000 -12.38104 1.33000 1.90000 0 df4f
166.58300 -45.93700 -19.48000 -6.75110 1.31000 1.33000 0 df4e
168.41100 -45.09100 -29.40000 -10.40004 1.38000 1.08000 0 df4d
166.99600 -46.14200 -22.31000 -7.82135 1.08000 1.76000 0 df4c
167.31900 -44.90600 -18.47000 -0.92981 2.10000 1.94000 0 df4b
167.64600 -44.72500 -20.33000 -2.44959 1.14000 1.06000 0 df4a
168.01400 -44.49000 -16.53000 -5.57930 0.83000 0.84000 0 df49
168.16200 -44.64500 -22.21000 -7.31949 0.99000 0.78000 0 df48
168.12700 -44.81500 -25.51000 -8.33970 0.90000 0.82000 0 df47
176.08500 -39.81800 -4.54006 -10.02462 0.98000 0.60000 0 de4v
175.21300 -39.05700 0.33762 -3.03497 0.71000 0.80000 0 ch35
175.40500 -39.36100 -3.19104 -2.36492 1.57000 1.87000 0 ch34
175.26400 -39.32400 -0.53106 -2.61460 0.93000 0.74000 0 cbwx
175.31000 -39.43200 -0.64076 -2.58452 0.63000 0.55000 0 cbwt
171.54100 -42.64900 -6.77000 0.10291 0.73000 0.90000 0 c8ub
171.65500 -42.83500 -16.29000 -4.39731 0.72000 0.78000 0 c8ua
171.35100 -42.80600 -8.62000 -0.32727 0.67000 0.81000 0 c8u9
171.90200 -42.77500 -17.57000 -5.24724 0.66000 0.86000 0 befd
171.97800 -42.83300 -20.64000 -6.84731 0.68000 0.76000 0 befc
171.82100 -42.86800 -19.39000 -5.94735 0.66000 0.79000 0 befb
175.75800 -38.81700 -1.38377 -3.80128 1.43000 1.28000 0 be3b
176.04500 -38.54300 3.09809 -6.07435 1.31000 1.72000 0 be31
176.13100 -38.52700 2.23546 -6.46867 2.49000 1.89000 0 be2x
174.93600 -41.07300 -19.27002 -5.71530 0.51000 0.67000 0 bdhe
175.30600 -40.94700 -20.74002 -7.95517 0.46000 0.44000 0 bdhd
175.34800 -40.75000 -18.13003 -6.43497 0.48000 0.41000 0 bdhc
174.98400 -40.90400 -16.43002 -4.30511 0.44000 0.47000 0 bdhb
175.62200 -41.01400 -25.94001 -10.49525 0.46000 0.43000 0 bdha
175.86500 -41.29300 -30.80000 -10.40555 0.49000 0.52000 0 bdh8
175.68500 -41.12000 -28.74001 -10.64536 0.49000 0.52000 0 bd8b
175.76200 -40.96800 -26.59001 -10.55520 0.53000 0.52000 0 bd8a
176.21300 -40.38500 -18.13000 -11.10467 0.65000 0.68000 0 bd89
176.33200 -40.64100 -26.10000 -10.72488 0.44000 0.68000 0 bd88
176.46000 -40.55000 -23.40999 -11.50480 0.72000 1.03000 0 bd87
175.82700 -40.30400 -14.08004 -7.04461 0.58000 0.83000 0 bd86
175.87500 -40.31300 -14.92003 -8.03462 0.60000 0.76000 0 bd85
175.88700 -40.30400 -14.25003 -7.71461 0.59000 0.52000 0 bd84
175.84900 -40.27600 -13.49004 -6.93459 0.75000 0.67000 0 bd83
175.90800 -40.29000 -13.82003 -7.98460 0.45000 0.97000 0 bd82
175.67900 -40.55600 -19.06003 -8.78480 1.33000 1.07000 0 bd81
175.66700 -40.85200 -23.40002 -10.23508 0.57000 0.58000 0 bd80
177.34400 -38.27600 2.93801 -15.53228 0.83000 0.92000 0 bc7h
176.85500 -37.98900 5.76129 -15.76170 1.14000 1.13000 0 bar4
176.94300 -37.95500 7.27541 -16.87038 1.49000 1.45000 0 bac2
177.96100 -39.09000 -3.80942 -18.62335 0.80000 0.66000 0 b9fc
176.47500 -40.29300 -16.06998 -13.02461 0.53000 0.56000 0 b9fb
176.37900 -39.28300 0.91077 -11.66818 0.53000 0.71000 0 b9f9
175.92700 -39.22500 0.56849 -6.34928 0.49000 0.49000 0 b9f8
176.08100 -39.26400 0.62944 -7.93890 0.59000 0.58000 0 b9f7
171.31300 -42.90800 -12.70000 -2.88739 0.67000 0.66000 0 b9ex
171.15800 -42.90500 -8.85000 -1.58739 0.69000 0.60000 0 b9ew
171.40300 -42.84000 -10.70000 -2.07731 0.55000 0.68000 0 b9ev
171.48500 -42.83600 -12.56000 -3.26731 0.65000 0.86000 0 b9eu
171.55400 -42.72400 -9.18000 -1.13718 0.71000 0.62000 0 b9et
171.43000 -42.76200 -7.94000 -0.60722 0.56000 0.81000 0 b9er
171.31300 -43.05200 -17.66000 -7.39757 0.77000 1.05000 0 b9ej
171.58800 -43.38900 -28.42000 -10.83797 0.91000 0.90000 0 b9eh
171.36200 -43.43400 -27.79000 -10.61802 0.77000 0.70000 0 b9eg
171.41800 -43.52300 -28.56000 -11.43813 0.58000 0.51000 0 b9ef
175.14400 -41.39300 -31.26001 -9.77566 0.54000 0.63000 0 b9cv
175.14400 -41.08200 -22.77002 -7.84531 0.63000 0.53000 0 b9cm
174.98000 -41.26400 -26.37001 -7.82551 0.75000 0.75000 0 b901
175.23200 -41.42900 -32.14001 -9.34569 0.46000 0.44000 0 b8yu
175.49900 -41.42300 -32.43001 -9.60569 0.51000 0.46000 0 b8ym
175.54800 -41.25600 -30.67001 -10.23551 0.47000 0.57000 0 b8yl
175.65900 -41.32600 -31.73001 -10.13558 0.50000 0.51000 0 b8yk
175.71700 -41.40100 -32.56001 -9.82567 0.43000 0.52000 0 b8yj
172.25700 -42.77700 -23.13000 -9.60724 1.62000 1.74000 0 b8y4
170.57600 -43.72500 -26.07000 -10.79837 0.55000 0.87000 0 b8y3
170.11900 -43.75900 -22.56000 -9.03842 0.48000 0.92000 0 b8y2
170.82400 -43.78500 -28.30000 -11.63845 0.53000 0.58000 0 b8xx
170.44100 -43.77100 -25.56000 -10.84843 0.61000 0.80000 0 b8xv
171.03800 -43.29600 -22.23000 -9.46786 0.67000 1.02000 0 b8xu
170.84900 -43.21700 -17.98000 -6.21776 0.60000 0.67000 0 b8xt
170.62500 -43.38800 -20.13000 -7.48797 0.62000 0.70000 0 b8xr
169.99400 -43.90600 -24.10000 -10.23859 0.58000 0.81000 0 b8xq
169.93300 -43.79900 -21.68000 -6.91846 0.66000 0.68000 0 b8xp
169.82200 -43.76500 -20.19000 -7.34842 0.58000 0.59000 0 b8xn
170.89300 -43.54800 -26.22000 -11.00816 0.58000 0.62000 0 b8xm
171.17600 -43.73600 -30.21000 -11.99839 0.60000 0.69000 0 b8xl
170.42300 -43.63600 -23.49000 -9.78827 0.56000 0.82000 0 b8xk
170.51100 -43.48600 -21.16000 -8.37809 0.69000 0.77000 0 b8xj
170.70200 -43.49900 -23.70000 -10.39810 1.17000 1.19000 0 b8xh
170.85000 -43.52100 -25.21000 -10.68813 0.58000 0.83000 0 b8xf
171.06200 -43.61000 -28.51000 -10.88824 0.54000 0.53000 0 b8xe
171.05700 -43.84800 -30.07000 -11.70852 0.60000 0.61000 0 b8xd
170.87900 -43.92800 -29.93000 -11.82862 0.58000 0.59000 0 b8xc
170.71200 -44.02700 -30.13000 -12.02874 0.55000 0.70000 0 b8xb
170.80100 -43.41300 -22.91000 -9.37800 0.71000 0.56000 0 b8x9
170.88200 -43.32400 -21.71000 -9.29789 0.62000 0.76000 0 b8x8
170.93800 -43.36300 -23.23000 -9.40794 0.62000 0.76000 0 b8x6
171.08900 -43.41800 -25.44000 -10.34800 0.63000 0.60000 0 b8x5
170.36100 -43.51900 -20.28000 -8.55813 0.54000 0.69000 0 b8x4
170.25800 -43.55900 -20.91000 -6.83817 0.53000 0.71000 0 b8x3
170.45200 -43.27800 -11.84000 -0.80784 0.54000 0.50000 0 b8x1
170.52200 -43.24800 -12.02000 -0.61780 0.50000 0.49000 0 b8wy
170.68500 -43.23100 -14.52000 -3.53778 0.53000 0.78000 0 b8wx
170.26200 -43.41400 -15.59000 -4.25800 0.57000 0.70000 0 b8ww
170.36000 -43.36600 -13.26000 -2.55794 0.93000 1.00000 0 b8wv
170.45100 -43.39400 -17.71000 -6.99798 0.51000 0.81000 0 b8wu
170.51300 -43.37900 -18.79000 -7.16796 0.62000 0.81000 0 b8wt
170.59000 -43.29100 -14.88000 -5.56785 0.63000 0.57000 0 b8wr
170.67600 -43.30300 -18.29000 -6.63787 0.57000 0.62000 0 b8wq
170.73900 -43.26100 -17.65000 -6.70782 0.52000 0.75000 0 b8wp
170.71800 -43.33100 -19.20000 -7.69790 0.68000 0.62000 0 b8wn
170.68500 -43.42600 -21.49000 -8.96801 0.60000 0.71000 0 b8wm
170.60200 -43.50900 -22.29000 -9.34811 0.57000 0.60000 0 b8wl
175.82100 -41.03300 -27.45001 -9.34527 0.69000 0.90000 0 b8nn
169.38800 -43.97200 -19.16000 -6.31867 0.60000 0.73000 0 b8la
169.31600 -43.95600 -16.93000 -6.70865 0.62000 0.48000 0 b8l1
169.17800 -43.96900 -17.49000 -4.62867 0.99000 1.12000 0 b8km
169.37000 -43.76500 -9.75000 -2.39842 0.54000 0.70000 0 b8k9
170.01800 -43.46400 -9.75000 -0.86806 0.57000 0.78000 0 b8dp
170.18700 -43.36700 -7.09000 -0.48794 0.47000 0.67000 0 b8cy
171.43100 -42.73800 -7.55000 -1.15719 0.68000 0.58000 0 b89u
169.18700 -44.11100 -20.56000 -8.03884 0.56000 0.53000 0 b7v0
169.34600 -43.98300 -18.16000 -6.60869 0.49000 0.56000 0 b7uy
176.36700 -39.60700 -3.09986 -11.17508 0.75000 0.70000 0 b7tk
175.02100 -40.87200 -17.09002 -5.20509 0.86000 0.61000 0 b7pw
175.87600 -38.93300 2.82699 -8.03286 1.53000 1.33000 0 b4lg
176.37300 -38.87900 3.72594 -10.10098 0.54000 0.53000 0 b4jy
175.71500 -40.59900 -20.32002 -7.58484 0.45000 0.55000 0 b3n7
169.75000 -46.23700 -27.77000 -12.30147 1.09000 1.17000 0 b3me
176.32400 -38.54900 2.28778 -7.36089 0.67000 0.58000 0 b3c4
178.26600 -38.01700 6.65056 -18.93174 0.59000 0.55000 0 b3bd
172.08900 -43.70000 -31.68000 -11.24834 0.78000 0.80000 0 b39y
178.28100 -37.90500 5.96051 -18.89159 0.63000 0.53000 0 b39p
176.19600 -40.86900 -27.05000 -10.29510 0.61000 0.69000 0 b339
170.30400 -44.42200 -30.06000 -14.86922 1.47000 1.65000 0 b2w8
170.43200 -44.43500 -30.81000 -13.17924 1.21000 1.54000 0 b2w7
170.92600 -43.09900 -13.56000 -3.11762 0.65000 0.51000 0 b2p5
170.55200 -43.14700 -7.42000 -0.10768 0.48000 0.51000 0 b2p3
170.34000 -43.22700 -6.47000 -0.32778 0.64000 0.52000 0 b2nl
170.26100 -43.10800 -3.96000 -0.28763 0.50000 0.46000 0 b2nb
170.44100 -43.03200 -5.17000 -0.07754 1.21000 1.17000 0 b2na
171.04100 -42.83500 -5.33000 -0.53731 0.55000 0.49000 0 b2l2
171.56300 -42.78200 -11.19000 -2.91725 0.60000 0.49000 0 b2gw
171.63800 -42.62000 -7.13000 -1.04705 0.58000 0.66000 0 b29n
176.17000 -38.26400 3.36992 -4.76490 0.83000 1.01000 0 b278
175.38000 -39.55400 -0.57052 -2.76447 0.79000 0.75000 0 b1xd
176.41000 -39.53400 -2.52976 -11.83536 0.68000 0.73000 0 b1wa
175.49100 -39.95350 -4.43054 -4.96778 1.13653 0.50285 0 b1ve
176.53600 -38.55700 2.99945 -10.10829 0.97000 0.93000 0 b1q8
176.80500 -38.81500 3.64413 -13.32740 0.82000 0.76000 0 b1pd
176.02700 -40.14500 -11.49003 -8.79454 0.91000 0.98000 0 b1lv
177.91700 -37.98100 4.42117 -12.42152 0.78000 0.73000 0 b1l0
177.46000 -38.93600 0.08196 -18.58413 0.56000 0.65000 0 b1hk
176.16200 -40.24100 -14.38001 -10.16459 0.92000 0.76000 0 b1ep
176.48300 -39.85500 -8.52991 -11.50455 0.99000 0.56000 0 b1du
175.67500 -40.68600 -21.52002 -8.63491 0.73000 0.83000 0 b1ak
169.20800 -43.93500 -15.72000 -5.21863 0.47000 0.65000 0 b19w
169.23000 -43.84600 -11.47000 -2.30852 0.62000 0.53000 0 b19t
175.44800 -40.72500 -18.66003 -7.69495 0.68000 0.51000 0 b18y
175.26100 -40.68100 -16.34003 -5.04490 0.47000 0.49000 0 b18u
174.87800 -41.40500 -28.31001 -9.56566 0.54000 0.72000 0 b0y9
174.91300 -41.37500 -27.36001 -9.24563 1.14000 1.59000 0 b0y0
174.86600 -41.25900 -23.64001 -7.63550 0.72000 0.70000 0 b0lv
167.32700 -46.10700 -24.18000 -7.55131 1.35000 1.70000 0 b0a5
168.30400 -46.41200 -25.29000 -13.16169 0.79000 0.86000 0 b07d
175.49300 -41.51700 -32.02001 -9.58579 0.89000 0.76000 0 b054
166.61500 -45.66900 -18.57000 -5.66076 1.13000 1.06000 0 b047
166.60900 -46.15600 -21.73000 -8.21137 0.51000 0.54000 0 b03w
178.00400 -37.57400 5.17057 -17.24106 0.66000 0.78000 0 b001
177.77800 -38.43200 1.06187 -18.01252 0.75000 0.90000 0 b000
170.94600 -42.72600 -3.69000 0.19282 0.55000 0.77000 0 ap6e
170.97200 -43.47300 -25.29000 -10.16807 0.81000 0.72000 0 an4y
170.51500 -44.54800 -30.32000 -13.80938 1.37000 1.23000 0 amkd
175.40200 -39.18900 0.27799 -3.07565 0.53000 0.67000 0 ahlp
175.68600 -39.42700 -0.69080 -4.79545 0.61000 0.52000 0 ahk6
176.52200 -38.95600 3.08907 -11.73306 0.78000 0.73000 0 agtr
170.51900 -43.58100 -23.95000 -9.55820 0.61000 0.59000 0 aglh
170.44400 -43.58800 -22.91000 -9.97821 0.54000 0.57000 0 afun
171.34200 -43.93500 -31.31000 -11.81863 0.63000 0.81000 0 aftc
175.81100 -39.64200 -1.95029 -5.29481 0.99000 0.67000 0 afrp
170.33700 -43.64700 -22.99000 -9.40828 0.52000 0.68000 0 afb7
170.60700 -43.67700 -25.53000 -10.97832 0.54000 0.65000 0 af68
170.68500 -43.71900 -26.66000 -11.15837 0.56000 0.63000 0 af5r
170.69200 -43.57300 -24.79000 -10.83819 0.75000 0.73000 0 af5n
169.83200 -44.11400 -25.33000 -11.13885 0.69000 0.55000 0 aevv
169.48800 -45.80000 -29.16000 -11.67092 0.79000 0.63000 0 aet5
170.55300 -43.96000 -28.42000 -11.51866 0.59000 0.73000 0 aemc
176.21600 -40.07100 -10.51000 -9.71453 0.69000 0.67000 0 aelf
168.32500 -46.12900 -27.88000 -9.13134 1.08000 1.64000 0 aegu
171.20100 -43.64600 -29.69000 -11.83828 0.63000 0.70000 0 aeb3
171.05300 -43.71500 -29.30000 -11.53836 0.58000 0.60000 0 ae4q
168.91900 -46.13400 -28.16000 -11.51134 0.78000 0.79000 0 ae13
168.44200 -45.73700 -28.64000 -10.07085 0.79000 0.88000 0 adx3
168.69600 -45.36800 -29.79000 -10.40039 0.99000 1.02000 0 adq2
173.84600 -41.51300 -12.67001 -3.01578 1.11000 0.78000 0 ad5v
178.06400 -38.69100 -4.09920 -17.92279 0.59000 0.79000 0 acw0
178.02500 -38.67500 -2.12912 -17.85280 2.30000 1.45000 0 acvn
177.95800 -38.65300 -3.37897 -17.68281 1.24000 1.21000 0 acvh
171.35500 -42.07500 -3.67000 -0.32641 0.56000 0.85000 0 acqy
178.27000 -38.46400 -2.68940 -18.87238 0.72000 0.65000 0 acmy
171.12200 -44.72800 -32.32000 -11.63960 0.72000 0.91000 0 acgf
171.94200 -41.52800 -3.33001 -0.01578 0.62000 0.47000 0 ac8p
177.06300 -38.11900 4.72912 -15.62680 1.13000 1.05000 0 abwn
171.02200 -44.54300 -31.71000 -11.72937 0.67000 0.96000 0 aakq
170.43900 -44.63600 -30.18000 -11.83948 1.53000 1.39000 0 aagl
170.14400 -44.57700 -31.30000 -13.61941 1.24000 1.44000 0 aag3
169.95600 -44.61600 -29.24000 -13.07946 1.48000 1.25000 0 aaft
170.25600 -44.56000 -29.52000 -12.19939 1.55000 1.41000 0 aafj
170.93400 -43.69600 -28.17000 -11.63834 0.60000 0.45000 0 aadg
170.85300 -43.63400 -27.22000 -11.47826 0.54000 0.53000 0 aad3
170.55400 -43.85500 -26.37000 -10.99853 0.61000 0.60000 0 aab0
171.18800 -43.48300 -27.55000 -11.42808 0.67000 0.73000 0 aa8h
170.35500 -43.30700 -10.50000 -0.57787 0.52000 0.58000 0 aa2m
170.41200 -44.94500 -29.87000 -11.89986 1.47000 1.54000 0 aa1c
170.11500 -44.81100 -30.08000 -12.79970 1.48000 1.40000 0 aa0a
170.78600 -43.18600 -15.69000 -2.37773 1.44000 1.35000 0 aa01
177.14100 -38.11000 5.41865 -15.88836 1.09000 1.26000 0 a954
177.10000 -38.14200 3.98414 -14.74859 1.16000 1.20000 0 a952
176.97700 -38.11800 6.04105 -15.02336 1.66000 1.51000 0 a94q
177.07600 -38.02800 5.42234 -15.73411 2.16000 1.91000 0 a94d
177.82000 -38.18400 1.73170 -17.45188 0.58000 0.54000 0 a8n1
171.49200 -42.65500 -6.39000 -0.96709 0.58000 0.51000 0 a8ke
171.65000 -42.72700 -10.46000 -2.18718 0.69000 0.71000 0 a8j0
178.15500 -38.27000 2.92078 -19.39210 1.23000 1.12000 0 a8f4
177.86500 -38.28800 1.44154 -17.82213 0.77000 1.30000 0 a8f0
176.41100 -38.46900 3.27204 -8.12810 1.00000 1.19000 0 a89v
175.90500 -39.40800 0.25937 -6.39614 0.79000 0.66000 0 a7y7
175.72800 -39.40600 0.80915 -5.23569 0.87000 0.84000 0 a7xx
175.64400 -39.38600 -0.15098 -4.44557 0.85000 0.76000 0 a7xj
175.44800 -39.43500 -0.23081 -3.56481 0.77000 0.60000 0 a7wv
178.21700 -38.20600 4.94067 -19.36200 0.49000 0.44000 0 a7we
178.13000 -38.17900 3.12081 -18.57195 0.85000 0.95000 0 a7w4
178.13500 -38.01100 4.17073 -17.09169 0.66000 0.56000 0 a7uu
176.06100 -38.73200 6.03886 -6.76404 0.87000 0.63000 0 a7ja
175.21300 -39.69200 -2.38033 -2.63423 0.72000 0.57000 0 a720
177.76200 -38.70200 -0.21847 -16.33311 0.92000 0.64000 0 a71v
177.59400 -38.69400 0.20232 -16.99346 0.78000 0.77000 0 a71t
177.39200 -38.62200 1.98459 -16.83422 0.79000 0.90000 0 a71e
177.52500 -38.55700 1.43341 -17.19337 0.79000 1.00000 0 a711
176.10000 -39.54700 -1.12013 -8.65537 0.79000 0.70000 0 a6yx
175.09300 -39.93000 -4.97017 -2.52425 0.65000 0.69000 0 a6u3
175.55700 -39.49500 -1.21065 -3.22487 0.75000 0.56000 0 a6qt
176.26000 -39.78400 -6.70998 -10.48467 0.98000 0.94000 0 a6fq
176.98600 -38.94500 2.54513 -15.97815 0.82000 0.69000 0 a630
177.38200 -38.75400 3.28360 -16.12449 1.00000 0.93000 0 a61v
177.11900 -38.80500 2.73632 -16.16724 0.71000 0.71000 0 a61n
178.08100 -37.86100 3.43072 -15.55145 0.60000 0.68000 0 a5tj
178.22700 -37.75100 3.30049 -19.03138 0.62000 0.68000 0 a5t0
176.57100 -40.11100 -12.88995 -13.13451 0.55000 0.59000 0 a5pd
177.59600 -38.83000 -0.77817 -17.52365 0.56000 0.69000 0 a5np
177.87600 -38.88700 1.13093 -19.17321 1.48000 0.84000 0 a5lc
175.34200 -40.12700 -7.64010 -3.99443 0.71000 0.57000 0 a5h8
176.27300 -40.45000 -21.01000 -11.51473 0.80000 0.78000 0 a5ck
176.08100 -40.42100 -19.37001 -10.33470 0.45000 0.75000 0 a5cd
176.99800 -39.77300 -3.96975 -18.11437 0.67000 0.59000 0 a55w
176.70200 -39.93000 -11.78988 -12.27447 0.74000 0.64000 0 a55j
176.64400 -39.77500 -8.37982 -12.21457 0.77000 0.57000 0 a54b
175.85600 -40.45400 -18.75002 -7.77472 0.71000 0.71000 0 a50j
175.68700 -40.28800 -13.00005 -5.45458 0.69000 0.70000 0 a4yt
175.34600 -40.31300 -10.30007 -4.28457 0.54000 0.54000 0 a4vv
177.21200 -37.99200 5.66057 -16.16794 1.41000 1.02000 0 a4v6
175.78500 -40.56800 -20.17002 -8.17481 0.49000 0.54000 0 a4rq
169.14700 -43.90000 -12.84000 -3.19859 0.47000 0.50000 0 a4pg
169.07000 -43.95100 -13.75000 -3.02865 1.22000 0.96000 0 a4p8
175.35800 -40.57400 -15.64004 -5.11480 0.73000 0.63000 0 a4nm
176.94800 -39.65300 -7.21964 -14.48448 0.48000 0.59000 0 a4fk
176.66700 -39.50100 -2.16947 -14.49519 1.55000 1.56000 0 a4e5
176.91900 -39.13800 1.27251 -16.27673 0.65000 0.67000 0 a48q
177.28600 -39.00100 -0.34766 -16.90486 1.66000 2.18000 0 a45h
174.77900 -41.34200 -23.61001 -8.29559 1.11000 0.99000 0 a44m
175.76400 -38.99100 1.69168 -5.48765 1.80000 1.25000 0 a426
176.25500 -39.42600 -0.21989 -9.13628 0.64000 0.69000 0 a41r
176.18800 -40.78500 -26.75000 -9.84502 0.46000 0.49000 0 a40c
176.92900 -39.94500 -7.24985 -18.01440 0.80000 0.71000 0 a3y4
175.16200 -40.93200 -19.03002 -6.88515 0.42000 0.51000 0 a3y0
175.25600 -40.81200 -17.76002 -6.27503 0.63000 0.44000 0 a3xx
175.78200 -39.82800 -4.12016 -6.07452 0.85000 0.52000 0 a3xl
175.11600 -40.74900 -15.69003 -5.34496 0.45000 0.47000 0 a3xj
177.85600 -39.03400 -2.09924 -19.55339 0.80000 0.62000 0 a3wj
177.59400 -39.04000 -0.26880 -19.92379 0.73000 0.84000 0 a3wb
178.54800 -37.68900 8.93027 -18.68140 0.68000 0.79000 0 a3vn
178.31900 -37.59600 5.18035 -17.86124 0.58000 0.52000 0 a3v8
175.39600 -40.20600 -9.82008 -4.46449 0.72000 0.57000 0 a3uw
175.83500 -40.33600 -15.32003 -6.92463 0.91000 0.52000 0 a3ub
176.55800 -40.48700 -21.38998 -13.83475 0.68000 0.52000 0 a3t8
178.05000 -37.68400 4.08062 -16.76121 0.81000 0.79000 0 a3t4
176.58800 -39.40800 -0.89929 -14.30589 0.54000 0.68000 0 a3ru
176.67100 -39.34500 -0.00896 -15.01616 0.65000 0.73000 0 a3r9
177.67200 -37.73900 4.41148 -15.89080 0.64000 0.59000 0 a3q5
175.77400 -40.78500 -24.08001 -10.10502 0.49000 0.48000 0 a3nc
176.22600 -40.56700 -24.87000 -10.71482 0.67000 0.56000 0 a3mx
175.27300 -40.54600 -13.71004 -4.33477 0.57000 0.66000 0 a3mt
168.72600 -44.73700 -25.04000 -9.60961 1.13000 1.22000 0 a3j8
175.89300 -41.25100 -30.06000 -10.34550 0.49000 0.49000 0 a3ff
175.66700 -40.94600 -25.39001 -10.31518 0.53000 0.52000 0 a3ct
170.99500 -45.06700 -32.60000 -12.87001 0.82000 1.59000 0 a36e
170.24100 -45.13900 -29.74000 -11.74010 0.75000 0.68000 0 a345
167.92400 -44.67300 -20.97000 -6.04953 0.54000 0.56000 0 a31c
175.10200 -41.03800 -20.23002 -6.90526 0.41000 0.53000 0 a30r
171.90700 -43.04300 -25.12000 -9.48756 0.44000 0.46000 0 a2u3
175.98200 -41.05800 -27.40000 -10.75530 0.60000 0.74000 0 a2rw
170.72500 -43.16500 -14.89000 -2.10770 0.57000 0.71000 0 a2qg
169.36800 -45.21700 -29.39000 -11.53020 1.02000 0.71000 0 a2n0
174.79900 -41.19100 -20.06002 -6.23542 1.40000 1.14000 0 a2hl
174.81400 -41.19800 -21.14002 -6.69543 2.02000 1.20000 0 a2hk
174.83600 -41.22000 -19.88002 -5.52546 1.99000 2.08000 0 a2he
174.71500 -41.28400 -21.53001 -6.12552 1.68000 1.04000 0 a28g
171.38900 -42.88800 -12.38000 -2.76737 0.59000 0.71000 0 a284
174.91300 -41.24900 -26.18001 -7.33549 1.08000 0.85000 0 a27e
174.96300 -41.28400 -25.45001 -7.88553 1.35000 1.26000 0 a274
175.23700 -41.60400 -32.62001 -9.49589 0.45000 0.43000 0 a23h
175.26500 -41.34600 -33.18001 -9.73560 0.94000 1.16000 0 a21b
175.21100 -41.27200 -29.39001 -9.37552 0.96000 1.32000 0 a20h
175.57500 -41.32700 -31.40001 -10.07558 0.45000 0.44000 0 a1yl
167.85900 -45.19700 -24.06000 -5.84017 1.24000 1.67000 0 a1th
171.30500 -42.87300 -11.84000 -2.29735 0.47000 0.48000 0 a1g4
172.72300 -40.51100 -2.34002 -0.41463 0.81000 0.76000 0 a170
167.67800 -45.76300 -25.42000 -12.27088 1.18000 1.16000 0 a133
177.11300 -38.26100 4.02298 -14.72299 0.68000 0.89000 0 a0yh
167.60800 -46.15500 -26.04000 -7.02137 1.09000 1.72000 0 a0c2
169.47800 -44.21600 -24.44000 -10.97897 0.58000 0.68000 0 a073
177.55900 -38.40700 2.16356 -16.43271 0.53000 0.60000 0 a00a
