170.59720 -45.88370 -29.15216 -13.06407 0.29405 0.25654
170.51090 -45.86950 -28.84660 -12.87497 0.17377 0.19718
174.83439 -36.60280 0.53759 -0.79278 0.08278 0.14129
174.80590 -41.32348 -23.52789 -7.62745 0.31785 0.26591
172.65470 -43.70271 -32.21939 -11.20814 0.26660 0.32905
169.30825 -45.23100 -28.28558 -13.28320 0.57214 0.32105
174.66279 -36.43440 0.30642 -0.66309 0.24282 0.21552
174.31460 -35.80380 0.55396 -0.36624 0.13787 0.10506
176.26090 -37.72880 1.47286 -1.61090 0.37321 0.21885
174.11820 -39.18255 -1.30386 -1.17269 0.23966 0.12550
174.85410 -38.51300 -0.61649 -0.73713 0.14223 0.10261
173.27310 -35.06890 0.08233 -0.37610 0.18284 0.16919
170.98431 -42.71290 -3.57155 -0.88883 0.17559 0.36595
175.10920 -37.80680 -0.36506 -0.90368 0.11474 0.09229
174.78160 -41.29040 -21.65062 -6.37253 0.58413 0.45601
171.80621 -41.74472 -2.59687 -0.87107 0.35829 0.21620
170.92030 -44.65570 -30.23167 -12.84475 0.22198 0.19919
173.43371 -41.18350 -5.58230 -0.63228 1.25032 0.18529
175.58458 -41.06199 -26.12613 -10.87701 0.10805 0.20577
172.26631 -42.78339 -21.62935 -9.54182 0.46904 0.25609
173.53366 -42.42548 -28.16130 -10.41604 0.20727 0.23185
178.30335 -37.56102 5.05446 -17.66025 0.16264 0.15043
168.78555 -44.07320 -12.54255 -4.56555 0.17449 0.12753
170.62940 -45.81431 -29.24024 -12.55766 0.15763 0.18341
175.74958 -36.86541 1.32333 -0.65399 0.11362 0.10717
168.29209 -46.58508 -26.06557 -13.90909 0.50299 0.21658
183.43416 -43.95579 -33.03145 -0.38713 0.28293 0.21088
177.01389 -37.98169 3.79067 -12.53439 0.22508 0.41237
174.82142 -39.78689 -2.73025 -2.22967 0.40117 0.28587
176.08100 -38.74271 3.75698 -5.42001 0.52041 0.46078
169.81582 -43.53168 -7.96571 -2.29865 0.15729 0.13873
175.25479 -41.56921 -32.87942 -9.51907 0.16363 0.31097
172.72220 -43.60580 -32.34420 -11.75694 0.49461 0.51812
172.52956 -40.82660 -2.38808 0.02972 0.43358 0.20757
177.07635 -39.65789 -5.38690 -16.57219 1.28788 0.61481
174.93290 -41.19640 -21.33815 -6.52265 1.07919 0.41686
174.76990 -36.84360 0.49926 -0.50893 0.33539 0.16651
183.38288 -43.73547 -33.80307 -0.57450 0.18004 0.14263
175.47046 -39.38458 -1.38672 -2.27230 0.45117 0.30149
175.68790 -41.39800 -32.89316 -10.14895 0.20765 0.17333
174.28010 -41.19160 -13.16391 -2.98224 1.29535 0.79080
175.89050 -41.10660 -27.93156 -11.62544 0.22311 0.23646
176.49251 -39.16552 1.26802 -11.39101 0.17731 0.16106
176.55626 -37.84589 0.34246 -2.98429 0.46252 0.35388
176.72472 -37.91544 1.72879 -5.68597 0.18145 1.07994
178.25740 -38.07140 5.99906 -18.58531 0.15712 0.15923
176.63520 -40.26640 -16.18801 -14.19737 1.46282 0.40755
176.86390 -40.03310 -11.04643 -15.94276 2.40031 0.74683
170.46493 -43.98570 -27.40155 -12.36611 0.14426 0.32999
177.90700 -39.15258 -2.69533 -20.37337 0.51967 0.49036
176.93670 -39.33230 -0.87144 -16.48531 0.21099 0.25226
175.42405 -40.40930 -13.24360 -4.64494 1.55583 1.02828
177.66780 -39.01610 -1.13151 -21.11503 0.27610 0.12639
174.90980 -40.86090 -15.48045 -3.30835 2.28473 1.11898
176.87630 -39.79380 -8.72867 -13.63392 0.31055 0.35987
176.72658 -39.61701 -5.87061 -13.35484 0.56816 0.28312
177.88601 -38.63532 -0.81655 -18.22339 1.91379 0.98110
173.92160 -40.80180 -6.71227 -0.80090 2.28404 0.43982
176.16666 -40.29886 -15.32479 -10.17599 0.67046 0.35519
174.21380 -41.74900 -23.59311 -8.57988 0.47949 0.54478
176.24610 -40.67980 -25.74445 -10.17946 0.32307 0.36262
176.46120 -40.53980 -24.31324 -12.15888 0.51406 0.18126
173.98420 -41.56066 -14.00443 -3.92307 1.71003 0.97330
177.41540 -38.49556 1.84593 -16.37871 0.13795 0.23389
177.30760 -38.04650 2.96590 -14.63532 0.18344 0.21167
174.06030 -41.01930 -9.88405 -1.09891 2.76331 1.92954
168.11820 -45.36651 -25.35965 -11.80249 1.04278 0.39854
175.24060 -40.58880 -14.57974 -4.18415 2.06741 1.02119
177.23440 -39.07720 0.94807 -17.54237 0.21415 0.21617
175.23810 -40.08030 -4.83894 -2.23458 0.44173 0.24574
166.68071 -46.16619 -23.98476 -12.19887 0.74955 0.43096
176.06317 -39.48918 -1.44056 -6.61161 0.18750 0.44449
169.88531 -43.58403 -13.61445 -3.67839 0.30571 0.13970
175.34641 -39.28927 -0.77302 -2.19862 0.15655 0.24571
175.88569 -40.77601 -24.59903 -10.43110 0.38096 0.33042
176.51462 -38.33889 0.71728 -6.90156 0.13763 0.34658
175.99928 -40.60108 -23.24157 -10.42977 0.74570 0.61675
175.42692 -41.38152 -32.54296 -9.77667 0.20173 0.25790
177.88330 -38.92260 1.05065 -20.05736 0.63138 0.20513
174.95210 -41.02180 -17.87737 -5.10979 1.30058 0.41216
175.76132 -40.38542 -16.27231 -7.52907 1.42125 0.76261
176.80661 -39.09702 1.92874 -14.78434 0.18578 0.27025
177.52620 -38.33382 1.96906 -16.40051 0.14147 0.15085
175.57488 -40.66870 -19.55496 -7.41596 0.77566 0.20554
169.77516 -43.60839 -11.29110 -3.30149 0.52066 0.15414
175.51519 -40.89722 -20.86645 -9.84630 0.66158 0.30524
177.56938 -38.68681 0.58022 -16.93812 0.89028 0.14192
178.21110 -38.48800 -3.31136 -17.81216 1.67273 0.32229
169.85585 -43.66623 -16.06856 -6.62524 0.49530 0.37587
175.14549 -41.14468 -23.60297 -8.46756 0.69337 0.39590
147.05569 -19.26928 0.18070 0.18849 0.10540 0.07903
117.09719 -20.98143 -0.37281 0.40743 0.09068 0.07040
147.43874 -42.80471 0.11947 -0.50704 0.09588 0.12728
133.80983 -31.86666 0.29963 -0.25564 0.06229 0.06847
133.88552 -23.67012 0.17744 0.10210 0.07461 0.06878
177.81142 -38.43749 0.56760 -18.35785 0.43759 0.24764
178.00589 -38.16241 1.35376 -18.78007 0.16472 0.17878
177.34750 -38.77961 1.65423 -17.17990 0.32088 0.29225
175.40432 -41.18691 -29.22619 -10.41668 0.17330 0.28731
177.67753 -37.96500 2.58023 -16.17784 0.19116 0.16182
177.08608 -38.91619 2.17401 -16.10464 0.19107 0.22337
175.24138 -41.00159 -20.77331 -7.62049 1.43367 0.66862
176.74973 -38.61686 3.04988 -11.65490 0.17259 0.44401
171.57530 -43.59135 -30.20046 -13.42551 0.21274 0.34193
173.79381 -41.29139 -9.31577 -1.36615 2.17932 1.34314
176.77281 -38.05253 0.06166 -11.19643 0.42476 0.40572
178.40870 -37.82500 6.49570 -20.18116 0.36953 0.21305
175.78560 -39.68250 -2.48637 -4.91694 0.29263 0.21217
177.69789 -38.81420 -1.08108 -17.53370 1.14300 0.15994
175.53615 -40.18138 -8.13069 -2.72585 0.97240 0.53341
175.45928 -39.97628 -4.66102 -3.33325 0.38201 0.23817
178.04600 -38.41145 -0.21636 -18.57422 0.61639 0.40452
176.44060 -40.06420 -10.95711 -11.17841 0.41563 0.15137
176.54300 -39.89589 -10.42364 -11.61099 1.14293 0.14524
176.20048 -39.91679 -7.38732 -9.69212 0.85788 0.41031
176.69655 -39.44420 -0.61865 -14.21379 0.88736 0.29704
176.42279 -39.42402 -1.09751 -11.86011 0.22831 0.67003
175.81083 -38.61102 0.24326 -2.46533 0.16345 0.14319
175.77015 -38.86337 -1.69531 -3.40669 0.13541 0.15053
175.71191 -38.67810 -0.49434 -2.04733 0.08955 0.13130
176.19418 -38.17662 4.46079 -4.68990 0.41756 0.36514
176.50610 -38.23379 -1.64364 -6.01116 0.27174 0.33337
176.52120 -38.05728 0.43343 -6.45843 0.16472 0.59529
176.46711 -38.13832 1.52885 -10.68113 0.35291 0.42029
176.38571 -38.00329 1.45988 -4.68724 0.30532 0.38162
176.24408 -38.02008 1.48955 -3.00550 0.23812 0.31893
176.28798 -38.38579 0.49928 -5.12424 0.29900 0.67979
176.34303 -38.56204 0.99748 -6.67165 0.16214 0.18972
175.17040 -40.81650 -16.66213 -4.57085 2.77017 0.84860
170.19014 -43.86249 -24.80335 -11.98337 0.55694 0.41815
115.34698 -29.04656 -0.32776 -0.09886 0.10438 0.10169
148.98000 -35.39920 0.19433 -0.12987 0.07663 0.07304
151.15038 -33.78087 -0.10995 -0.17067 52.51317 388.62775
116.19272 -31.04873 -0.25015 -0.11141 0.08473 0.07547
144.97534 -37.82941 0.59441 0.16386 0.10451 0.13376
164.28734 -20.55869 -0.01974 -0.11382 0.25143 0.21900
138.64735 -34.72900 0.14049 0.08070 0.18462 0.16645
174.62764 -41.27805 -18.49851 -3.53975 1.09399 0.91129
182.07105 -29.24467 -14.34066 -14.91779 0.43863 0.37403
169.92154 -43.66059 -17.43368 -6.90754 0.39825 0.24898
170.35053 -43.33641 -11.11309 -2.46737 0.19304 0.33514
176.22338 -40.46864 -21.36420 -11.65427 0.81839 0.48180
170.10551 -43.77733 -22.18762 -10.51665 0.37623 0.21295
177.40987 -38.93930 0.01422 -18.29369 0.36079 0.37413
131.13274 -12.84370 0.02156 0.26771 0.13003 0.12392
176.13641 -38.61758 0.52967 -4.41747 0.59555 0.95234
176.35229 -38.25192 0.74941 -6.35238 0.67282 0.37052
175.96291 -40.06158 -7.79451 -8.51604 0.50157 0.21339
175.18193 -39.80477 -2.81001 -2.35747 0.27754 0.49242
175.79069 -39.91829 -4.46723 -5.83692 0.45172 0.31224
176.20004 -40.11332 -9.93428 -8.63285 0.65123 0.32230
178.29122 -38.26821 1.90778 -19.60461 0.95469 0.14351
176.62116 -39.74720 -8.56954 -11.37869 2.44155 0.16095
176.68069 -40.10436 -13.15761 -13.51088 1.39945 0.51548
176.02883 -39.70338 -3.42502 -6.94902 0.46169 0.27437
177.06980 -39.17230 0.16176 -16.72227 0.35431 0.32899
175.59785 -39.32693 -0.59507 -3.07924 0.30682 0.13548
175.58898 -39.28240 -0.21793 -2.87247 0.45436 0.20386
175.60894 -39.27726 -0.48973 -2.86591 0.35027 0.21196
175.54831 -39.29841 -0.31433 -2.66627 0.22813 0.15236
175.66514 -39.16307 0.08975 -2.59042 0.23646 0.13405
175.54224 -39.19983 0.29789 -2.51811 0.30530 0.12189
175.55269 -39.25515 0.07764 -2.55706 0.23203 0.13170
176.04747 -38.84584 2.63476 -6.92924 0.42852 0.94729
148.26461 -32.99876 0.23838 -0.98062 0.22949 0.25220
166.48489 -22.22832 0.79412 -0.53444 0.26972 0.25061
167.26378 -20.91799 0.54405 0.43478 0.29386 0.38471
132.15328 -14.37600 -0.04588 -0.05197 0.23059 0.10213
200.19939 -21.20103 -76.54706 17.93023 0.14485 0.26762
152.32101 -24.90822 0.49323 0.08369 0.14988 0.14521
169.89321 -43.63770 -15.62601 -6.30443 0.27976 0.18960
210.39369 -17.57703 -82.91886 27.43759 0.16469 0.24937
115.88525 -31.80196 0.03714 -0.34094 0.13674 0.11207
170.06122 -43.75612 -20.48832 -9.19113 0.60394 0.37567
210.38570 -17.55531 -83.08897 27.54070 0.21221 0.35914
96.83397 -12.18834 0.94429 1.39095 0.23300 0.56397
166.41020 -22.26984 0.24243 -0.06656 0.30085 0.15904
175.85849 -38.97713 -0.06533 -4.40902 0.17975 0.13116
175.99633 -38.81286 2.38072 -6.57835 1.77619 0.33808
176.89617 -38.00320 3.64154 -11.75676 0.21801 0.21990
176.21085 -38.35257 1.96345 -4.46616 0.29057 0.12584
176.23225 -38.25659 5.62016 -5.43119 0.34014 0.37254
175.13650 -41.34050 -29.67881 -9.05158 0.57121 0.79040
176.37012 -39.64315 -3.73075 -10.89562 0.76181 0.36443
175.93930 -38.67343 1.99140 -1.04039 0.17841 0.35080
176.37800 -38.10470 2.01053 -6.67041 0.45556 0.56514
184.82078 -21.14471 72.87731 -37.84181 0.80895 0.54213
153.03530 -27.48489 0.22378 0.28276 0.14626 0.14027
190.07293 -19.07653 -78.51769 7.94764 0.13329 0.46917
116.63749 -26.69664 -0.36460 -0.12890 0.59345 0.38747
168.31514 -17.74397 -81.63557 -36.07198 0.65175 0.93588
166.21537 -21.60858 0.54109 0.40743 0.25611 0.26677
149.01005 -35.31569 0.26696 -0.14397 0.10873 0.28757
188.26158 -13.84921 -86.92988 5.17881 1.12567 0.58170
169.92106 -43.70206 -18.05662 -6.87133 0.90786 0.68107
210.42728 -17.53308 -83.35074 27.44237 0.31957 0.21772
178.08260 -37.89398 2.55141 -16.88569 0.73525 0.38889
167.93883 -29.04334 0.26087 -0.08486 0.25840 0.12654
169.85252 -43.72079 -17.51018 -7.49098 0.42222 0.37333
158.93583 -54.49953 -8.14807 -18.86219 0.50509 0.51707
159.06120 -31.51988 0.41458 -0.12422 0.16442 0.12707
169.73677 -43.64298 -12.66587 -3.23892 0.25913 0.43111
159.07852 -31.54146 -0.07164 0.52031 0.19101 0.23513
177.44658 -17.60881 -6.65957 -5.73458 0.36421 0.29090
188.00047 -13.83221 -86.81769 4.59212 0.43379 0.46550
250.65560 -27.12498 56.54804 27.51713 0.31820 0.46501
250.61671 -27.14821 57.90641 27.64935 0.43345 0.69446
175.58970 -39.11514 1.56607 -2.38576 0.14054 0.24083
176.36592 -38.09366 1.99019 -4.62055 0.13489 0.12434
175.45174 -39.73010 -2.70944 -2.69711 0.27174 0.30598
178.12913 -38.64379 -2.41986 -20.35635 0.79112 0.37249
175.64131 -39.09440 1.50956 -3.63295 0.23429 0.15649
174.91700 -41.23510 -23.36835 -7.31572 0.77907 0.73719
176.20160 -40.90980 -27.69428 -10.46517 0.27877 0.25568
132.89406 -12.65917 -0.40340 0.26948 0.15691 0.39823
105.68850 -10.44996 0.13278 0.53603 0.28756 0.17518
128.29617 -25.03720 0.04257 0.08490 0.25827 0.14821
164.46992 -20.83628 0.15254 -0.70398 0.49425 0.24177
166.21689 -22.01152 -0.02933 0.27077 0.21570 0.21790
210.52446 -23.34180 -74.29754 27.30165 0.27620 0.32368
142.05742 -29.45016 0.08493 0.08861 0.23935 0.28994
147.93085 -42.54644 0.06336 -0.39530 0.18156 0.15007
130.89153 -12.42430 -0.50486 0.76931 0.35760 0.47324
141.61347 -38.34439 0.37157 -0.66316 0.49241 0.19291
164.02378 -20.23165 0.59675 1.03102 0.70108 0.41098
165.35132 -20.93788 -0.09016 0.57942 0.54397 0.55644
166.44252 -22.26479 -0.29284 -0.10650 0.18491 0.23040
169.98450 -43.72658 -19.62557 -8.80817 0.56106 0.37090
165.37548 -21.48034 -0.29706 0.01274 0.29337 0.23034
142.29621 -10.59037 -0.23238 0.39712 0.18067 0.30015
115.73858 -31.82552 -0.14679 -0.66568 0.18178 0.12300
225.03518 -23.13036 -77.91911 40.31378 0.23262 0.39220
181.87906 -14.30780 -84.05774 -0.39204 0.41471 1.79464
121.89433 -33.87432 -0.06452 -0.42840 0.18758 0.10854
130.95593 -12.44331 -0.62373 0.26009 0.20627 0.32168
153.26654 -27.52615 0.12031 -0.08110 0.12382 0.15457
122.20909 -18.00397 -0.15873 0.26694 0.36021 0.14932
189.27756 -14.32609 -86.20689 6.38416 0.81984 0.54750
117.81019 -34.95023 -0.13286 -0.27130 0.16185 0.21838
130.88173 -12.35592 0.08397 0.74504 0.18158 0.17228
130.98205 -12.47822 -0.02984 0.33771 0.15711 0.16338
130.84399 -12.46664 0.08871 -0.30649 0.20159 0.24453
176.12378 -37.88920 1.75268 -2.20046 1.04721 0.77907
176.08130 -38.15288 2.31844 -3.24031 0.37520 0.28798
175.87752 -37.89432 0.80600 -1.37783 0.40755 0.34129
176.03008 -38.38749 5.93112 -6.25768 1.16439 1.12349
176.01788 -38.35959 4.01087 -4.86002 1.02172 1.05695
176.07308 -38.04782 1.61381 -2.46869 0.27961 0.46668
175.86541 -38.21110 0.88680 -2.53822 0.53245 0.50613
175.99500 -38.69200 2.74000 -1.73992 1.31000 1.44000
176.38256 -40.26498 -15.84003 -11.56865 1.39572 0.19989
172.96049 -41.03368 -2.52323 -0.51160 0.26393 0.20869
169.68411 -45.03834 -29.75904 -13.68443 0.31486 0.26411
172.78775 -42.39825 -17.24865 -5.54696 0.33685 0.29467
172.82430 -43.07790 -30.89000 -10.01993 0.58000 0.61000
151.23187 -33.91776 0.03806 -0.00954 0.38068 0.23302
137.69581 -34.93885 -0.12975 0.35321 0.64504 0.57960
119.64580 -31.29069 -0.49270 -0.30455 0.45065 0.17398
135.78438 -34.14415 0.04036 -0.38589 0.36910 0.28044
166.94437 -22.15955 -0.06436 -0.63506 1.16457 0.46831
147.32168 -33.70342 0.21094 -0.30344 0.27949 0.43797
147.37026 -35.10840 0.13230 -0.48397 0.17774 0.32087
134.35453 -19.93336 -0.24011 0.59080 0.63117 0.30526
138.35597 -34.26130 -2.25093 0.24365 0.83667 0.77517
120.21837 -26.62568 -0.04704 -0.07797 0.29709 0.26530
149.96480 -16.28744 -1.16849 0.64065 0.78562 0.55690
117.50064 -32.78176 -0.43128 0.20230 0.85789 0.39812
117.35208 -33.30605 -0.60954 -0.00828 0.45881 0.42257
174.77871 -41.27265 -21.61987 -6.27218 0.29574 0.58950
141.92046 -12.67832 -0.10569 0.19038 0.31850 0.51639
152.03039 -28.21347 0.16087 -0.34871 0.62408 0.55886
135.66045 -34.55887 -0.70474 -0.81163 0.62093 0.42855
140.00475 -34.19562 -0.26514 -0.32539 0.40155 0.47825
117.41010 -33.33306 -0.47363 -0.33111 0.52925 0.21658
186.01685 -18.65068 113.06184 -57.50948 1.31453 0.80881
153.40026 -28.34892 0.71773 -1.10843 0.45813 0.71606
150.12220 -36.03514 0.15544 -0.46159 0.28728 0.49743
151.92842 -27.53441 -0.08700 0.26597 0.21652 0.31888
138.98309 -34.50580 -0.03620 -0.43264 0.50618 0.44305
178.42525 -18.14593 -3.95497 -3.49604 1.23084 1.25316
145.21404 -38.37518 0.02197 -0.41602 0.29917 0.28783
145.13087 -37.91328 0.26248 -0.27252 0.15758 0.15592
142.84875 -35.50452 0.52142 -0.49303 0.59806 0.40492
151.60161 -32.89029 6.30195 -3.13709 1.06168 1.06097
151.42986 -32.75861 0.09252 0.85629 1.12193 0.64897
153.57488 -28.27172 1.03239 -0.68042 0.37813 0.45519
137.93433 -32.47029 0.00972 -0.40203 0.40252 0.33170
120.07089 -33.59674 -0.50192 -0.35039 0.56899 0.28958
149.24894 -35.34106 -3.12204 -0.87958 2.46450 0.67360
138.48572 -35.09470 -0.90966 -0.80786 0.42042 0.24798
150.91370 -34.47554 0.06963 -0.25818 0.34410 0.31126
118.60554 -20.41206 -0.42793 -0.78061 4.89361 0.66307
151.59651 -26.15761 0.92588 -0.08117 0.44313 0.40367
164.90137 -21.11862 -0.62353 1.11036 0.92953 0.50032
164.58100 -20.39248 0.15074 0.17932 1.38997 0.56727
148.17334 -33.13796 0.22958 -0.12946 0.22668 0.43318
121.78724 -32.26002 -0.39935 -0.24385 0.32083 0.17331
139.66244 -34.69516 -0.79897 -1.01739 0.71405 0.88692
141.64601 -36.30842 -0.24355 -0.76891 0.34438 0.26305
136.20086 -34.08486 -1.41896 -1.06503 0.51472 0.98221
150.93586 -32.25298 -2.12887 0.25566 1.80056 0.67137
149.08819 -35.05614 0.17273 -0.07534 0.48493 0.40656
151.37985 -32.70976 0.63542 -0.36769 0.74090 0.46451
117.84310 -28.11531 -0.35215 -0.12830 0.30945 0.29423
135.33508 -34.13659 -0.01227 -0.44567 0.26493 0.40380
140.77751 -37.83097 0.31990 -0.52780 0.34399 0.26669
143.44891 -37.58762 0.07380 -0.07717 0.31381 0.38460
133.20671 -25.94569 -0.12068 -0.16005 0.36787 0.28965
170.26252 -43.98500 -27.59287 -13.33570 0.65755 0.65110
139.26171 -35.14956 0.09726 -0.09681 0.37723 0.38121
139.48713 -20.73655 -1.63680 0.32855 0.63062 0.84554
151.33920 -27.80977 0.92209 -2.08528 0.91613 1.18066
138.54338 -35.21801 0.55199 -0.19480 2.19453 1.12456
137.67402 -34.37409 0.29900 0.39373 0.33183 0.33885
165.83162 -21.70937 -1.62359 0.84934 0.49932 0.43647
147.14599 -41.43468 -0.45052 0.14515 0.35207 0.39660
133.21276 -15.57315 -0.06871 -0.14136 0.31192 0.20572
140.51264 -35.32580 -1.78161 -1.71658 0.56733 0.88249
151.49136 -32.79894 1.02054 0.31865 0.48841 0.47030
128.76263 -15.67696 -0.62061 0.48990 0.60812 0.32492
117.70264 -31.62232 -0.39074 -0.30275 0.41425 0.19851
139.88691 -35.09735 0.14625 -0.71208 0.33837 0.76487
121.45926 -30.78439 -0.22956 -0.14197 0.29181 0.15367
138.63930 -33.00062 -0.11229 0.06741 0.78837 0.43116
152.75935 -27.61492 0.39154 0.25599 0.47154 0.23404
143.49206 -32.86413 0.17396 -0.27545 0.29159 0.26296
118.89188 -32.44938 -0.37439 -0.12562 0.35659 0.23181
165.62731 -21.27695 0.19763 -0.18769 0.43032 0.72960
152.82656 -25.28303 1.01012 -0.24638 0.72162 0.42781
151.25443 -23.84127 0.16548 -0.26581 0.43102 0.69238
152.33112 -27.54393 0.00657 0.23240 0.47658 0.30521
149.91520 -37.56812 -0.04425 -0.55610 0.41460 0.38174
121.88815 -33.84107 -0.09055 -0.16218 0.39395 0.37954
148.52025 -23.47831 -0.57958 -0.57211 0.46415 0.29638
148.60259 -32.24803 0.07946 -1.44886 0.25246 1.09007
131.18683 -13.83457 -0.31365 -0.05564 0.31206 0.20650
151.55442 -32.84556 -0.44261 -0.36231 0.86682 0.67939
151.26380 -27.17054 0.23865 0.40694 0.67961 0.40732
115.89480 -32.00391 -0.52746 -0.53683 0.15252 0.15466
145.75832 -16.93572 1.29342 1.41200 0.54168 0.49713
153.42152 -27.53771 -1.38124 -2.27461 0.41812 0.82532
115.84120 -31.94250 -0.85959 1.48142 0.73222 0.57574
153.04715 -27.44105 0.67111 0.46144 0.43993 0.48378
138.58915 -34.93385 0.52997 -1.32851 0.63859 0.52294
151.18670 -33.92454 0.48703 0.07454 0.56740 0.44566
200.18761 -21.20078 -76.95598 17.85509 0.26897 0.21278
134.72258 -29.03471 -0.09233 -0.34391 0.45811 0.31415
148.60829 -31.03731 -2.43542 -6.84724 1.86820 3.02402
139.85350 -35.69110 0.00947 -0.35269 0.47589 0.34846
148.82642 -32.91394 0.23632 0.18667 0.57725 0.39642
153.11754 -30.29535 0.59309 0.47279 0.68980 0.47566
138.20826 -33.35377 -1.24728 0.65817 0.96511 0.48524
149.05050 -35.32409 -3.18845 1.00639 2.75036 0.51263
117.17465 -30.52552 -0.35078 -0.20604 0.38114 0.19216
149.01151 -30.02743 1.51279 -0.09165 0.35005 0.51395
147.24394 -42.73911 -0.00076 -1.71644 0.53305 0.69996
144.20401 -36.03140 0.34474 -0.40276 0.30796 0.32813
151.33391 -32.65715 -0.07134 -0.42237 0.93222 0.70435
153.56282 -28.87093 0.21362 -0.70887 0.35932 0.60131
140.60117 -34.28538 -1.36787 -0.26379 2.31856 0.34529
146.65774 -36.34644 0.17054 -0.36349 0.26422 0.40176
153.20253 -27.72033 1.01013 0.78147 0.27246 0.48816
152.99508 -27.98709 0.10862 -0.10232 0.30866 0.25356
153.06917 -26.68465 0.22431 -0.70782 0.46818 1.18703
147.65603 -37.75860 -0.25435 -0.56735 0.22283 0.42038
153.19363 -28.12534 0.83528 -0.94845 0.50210 0.51901
136.05868 -32.81035 0.13155 -0.45526 0.39659 0.24937
153.37403 -27.94058 -0.20659 -0.16208 0.49089 0.43783
137.16010 -30.45328 -0.12838 -0.38673 0.45416 0.32519
133.87922 -23.76699 -0.50598 0.23451 0.53681 0.23380
133.88275 -23.69819 0.06344 0.04988 0.21005 0.25271
176.81940 -38.11360 4.34303 -13.18130 1.24302 1.07555
176.16320 -38.41070 3.40718 -7.36573 1.25585 1.15308
176.52200 -38.22920 -0.34812 -5.94066 0.43427 0.37846
176.56080 -38.40790 2.34150 -9.64282 0.37562 0.35827
176.75300 -38.25660 3.25517 -11.73864 0.42331 0.32170
176.09810 -38.40700 6.29251 -6.84868 0.38292 0.42008
176.30280 -38.47680 -0.48581 -7.26034 0.35606 0.37971
176.25250 -38.13040 4.11956 -7.51071 0.84030 0.82242
176.25470 -38.16890 4.75435 -7.10238 0.36793 0.44699
176.53450 -38.03640 1.54291 -7.39753 0.69769 0.79362
176.48780 -38.47250 1.50059 -10.39668 0.73162 0.89958
176.73710 -38.07650 3.11962 -9.54289 0.38089 0.36403
176.28770 -38.35200 0.69944 -4.72815 0.34475 0.37106
176.30070 -38.33760 1.69369 -4.25718 0.38514 0.37014
176.15820 -38.36430 6.00328 -9.26397 1.23454 1.18825
176.13770 -38.30200 6.00345 -7.94665 1.40682 1.46728
176.21430 -38.32890 2.70392 -7.10232 1.28754 1.27624
176.16900 -38.31400 5.46819 -7.19668 0.40335 0.36578
176.82720 -38.37570 0.99743 -12.82939 0.61121 0.39294
176.73400 -38.37640 3.44349 -11.75747 0.63446 0.31601
176.39320 -37.86280 2.04612 -4.34994 0.96349 0.95682
176.68470 -37.98210 1.63902 -9.52433 1.14568 1.06868
176.32070 -38.24920 1.42086 -6.26582 0.33984 0.38082
176.29830 -38.23350 3.43468 -6.23885 0.41085 0.36090
176.38810 -38.31920 0.41235 -5.74016 0.31901 0.32599
176.50170 -38.27760 0.71697 -7.50176 0.38000 0.43313
176.50030 -38.31830 1.06062 -7.98431 0.35874 0.33861
176.45980 -38.31120 1.04063 -7.00372 0.33069 0.35536
176.42830 -38.30510 0.24987 -6.10097 0.34119 0.39159
176.32910 -38.26400 1.17892 -4.64740 0.46315 0.37137
176.32350 -38.29170 1.95400 -3.93354 0.27163 0.43366
176.27790 -38.28500 3.01661 -3.39359 0.31067 0.45081
176.24830 -38.30540 2.58654 -4.35805 0.39240 0.38731
176.28220 -38.24860 3.33395 -5.65209 0.45419 0.35159
176.27250 -38.21660 3.48307 -6.86658 0.48628 0.46439
176.46830 -38.28070 -0.16923 -6.55640 0.34540 0.35336
176.40690 -38.27190 3.64694 -4.59564 0.39110 0.37031
176.64110 -38.16730 3.14441 -9.13005 0.34178 0.36500
176.52210 -38.17360 2.97181 -8.21077 0.33525 0.48703
176.40480 -38.15700 3.66520 -6.03103 0.44839 0.40926
176.31810 -38.15820 1.36476 -7.24807 0.35807 0.37631
176.63440 -38.48470 3.03418 -11.10037 0.37111 0.39787
176.20860 -38.44240 -1.12043 -5.80300 0.46073 0.35066
176.22110 -38.36930 0.71979 -6.87980 0.38956 0.38540
176.11100 -38.36520 5.83531 -7.51361 0.43270 0.44606
176.19790 -38.11840 2.86998 -3.34672 0.62981 0.40130
172.48113 -43.49077 -32.02726 -12.15667 0.12514 0.25856
135.64328 -17.77633 -0.08679 -0.36934 0.15505 0.18867
175.70413 -39.11561 -0.29705 -2.46762 0.22215 0.29275
175.67593 -39.09867 0.03414 -2.02166 1.91087 2.80813
175.60115 -39.17556 1.05010 -2.54817 0.30078 0.48533
175.71075 -39.13571 -0.57000 -2.50224 0.27639 0.42262
133.69683 -32.12862 0.31998 -0.28837 0.12051 0.12522
170.13928 -45.63416 -29.13614 -13.47476 0.18995 0.17600
174.13729 -41.66382 -16.37732 -5.78571 0.28127 0.24594
212.29396 -14.94583 -87.75272 27.80421 0.25667 0.30431
118.67886 -20.53975 -0.24195 0.03406 0.12748 0.16983
174.09545 -39.27002 -0.89867 -0.80953 0.19201 0.26083
174.01427 -39.29437 -0.61403 -1.37824 0.20372 0.47168
183.63120 -44.02429 -32.52681 0.77976 0.17372 0.25336
166.41612 -22.24199 -0.02706 -0.21607 0.52304 0.21588
148.14496 -26.35890 0.51954 -0.27328 0.15376 0.19266
130.82473 -12.45546 -0.35608 0.39885 0.11386 0.11203
254.63820 -26.47291 53.98338 33.06868 0.34979 0.75750
152.48686 -30.32662 0.50145 -0.23699 0.17844 0.13607
181.83976 -14.29605 -83.52932 0.27998 0.77015 1.07412
139.90306 -22.91354 0.53726 -0.19632 0.11393 0.23984
148.24158 -40.21438 0.12664 -0.51250 0.14571 0.13425
145.91485 -41.05006 0.16253 -0.07850 0.41878 0.60358
172.77141 -34.46658 0.22987 -0.82627 0.18251 0.22762
173.76942 -35.96210 0.07365 -0.74626 0.18984 0.13558
173.78360 -35.40843 0.51288 -0.61700 0.36976 0.34258
173.85496 -39.24056 -1.34574 -0.74255 0.27034 0.28393
173.86787 -39.45920 -1.40113 -1.13887 0.26263 0.28638
173.88177 -35.04544 0.64584 -0.42909 0.30079 0.23858
174.03066 -39.05761 -0.74936 -1.01171 0.34401 0.33297
174.10242 -39.31119 -1.77122 -1.35929 0.67199 0.29090
174.19456 -39.55399 -2.02399 -0.50769 0.26144 0.28581
174.22821 -39.13399 -0.92804 -1.27351 0.19260 0.16377
174.24820 -36.45239 0.49346 -0.65337 0.39303 0.20337
174.39472 -39.28535 -1.61840 -1.23801 0.23825 0.25262
174.42338 -39.48168 -2.19460 -1.20864 0.22929 0.26728
174.45136 -35.91812 0.37059 -0.86946 0.27093 0.17922
174.46975 -35.85196 0.66134 -0.71089 0.19363 0.19140
174.52047 -39.62978 -2.37509 -1.33945 0.31088 0.29115
174.52429 -39.08102 -0.65392 -1.55912 0.34386 0.35412
174.68029 -39.38307 -2.21664 -1.44620 0.65073 0.68721
174.70194 -39.57802 -1.75652 -1.92263 0.54951 0.42700
174.72566 -38.30221 0.18964 -1.09231 0.54324 0.51372
174.76809 -39.09494 -1.39872 -1.70337 0.46592 0.55625
174.95089 -39.72123 -2.79598 -2.65763 0.66212 0.33745
174.99397 -39.53519 -1.79776 -2.66704 0.65080 0.39955
175.00002 -37.58938 -0.02251 -1.05257 0.21894 0.15554
175.14529 -38.31455 -0.32884 -1.57414 0.29051 0.23419
175.20446 -38.68667 0.67544 -2.11717 0.32923 0.53043
175.33306 -36.48799 1.15102 -1.18817 0.24636 0.21082
175.39432 -38.49848 -0.20641 -1.98771 0.70550 1.04233
175.51860 -36.33305 0.89893 -1.02862 0.35427 0.24102
175.63626 -38.40273 0.49495 -4.46682 0.80790 0.69173
175.64837 -38.36022 0.40315 -1.82309 0.47044 0.61699
175.65676 -38.71729 -0.28346 -2.76644 0.51388 0.63125
175.66417 -38.26723 0.02825 -2.06497 0.33302 0.30918
175.74295 -38.64281 -0.93340 -2.16773 0.95755 0.91300
175.75225 -38.35663 0.86091 -2.93398 1.11567 1.36503
175.79640 -38.61341 0.44662 -2.53003 0.51456 0.38876
175.79782 -38.42500 0.83708 -3.18268 0.61082 0.58441
175.86728 -38.50215 -0.29714 -3.70232 0.45493 0.69780
175.90147 -38.54245 6.27211 -1.74914 1.31426 0.82160
175.94753 -38.44014 3.06959 -3.38396 0.48087 0.44185
176.00253 -38.43249 4.93224 -4.27979 0.38302 0.45239
176.09785 -38.31966 5.14906 -6.74799 0.71100 1.30188
176.11204 -37.73339 1.06300 -1.39113 0.38730 0.36293
177.52004 -37.92526 2.77854 -15.57845 0.55265 0.50135
172.02050 -42.45600 -7.79000 -1.39993 0.50000 0.61000
172.74620 -42.21250 -12.93000 -2.82993 0.43000 0.44000
172.37500 -42.53100 -15.31000 -6.02993 0.50000 0.74000
172.39380 -42.47480 -13.97000 -4.54993 0.74000 0.64000
171.80430 -42.55530 -7.84000 -1.75993 0.50000 0.57000
171.85400 -42.09550 -5.06000 -0.68993 0.48000 0.51000
171.90640 -41.87690 -4.06000 0.38007 0.40000 0.50000
171.66530 -42.29030 -4.38000 -0.80993 0.43000 0.53000
171.68340 -42.45050 -5.45000 -0.62993 0.59000 0.59000
171.46620 -41.74910 -2.70000 -0.59993 0.47000 0.46000
172.82530 -42.47690 -22.16000 -8.45993 1.12000 0.68000
172.37630 -42.58540 -16.37110 -6.44224 0.92880 0.75868
172.54500 -42.59570 -19.63000 -9.28993 1.54000 2.24000
172.77640 -42.58330 -24.30000 -9.55993 0.98000 0.76000
172.80050 -42.68890 -26.56000 -10.30993 0.66000 0.90000
172.40070 -42.37920 -11.91000 -2.98993 0.56000 0.55000
172.51800 -42.25690 -9.77000 -2.05993 0.59000 0.49000
172.32040 -43.08330 -28.45000 -10.19993 0.55000 0.57000
172.51590 -42.00840 -7.57000 -0.18993 0.54000 0.48000
172.77330 -42.30370 -15.14000 -4.31993 0.50000 0.63000
171.48250 -42.74450 -8.48000 -0.93993 0.48000 0.56000
171.44360 -42.72380 -7.12000 -0.70993 0.54000 0.50000
173.11650 -42.92610 -31.29000 -11.28993 0.60000 0.92000
172.11730 -41.72940 -4.84000 -0.13993 0.43000 0.48000
172.06350 -41.58350 -3.55000 0.55007 0.45000 0.45000
173.43240 -41.27550 -7.44000 -0.81993 0.44000 0.45000
172.98450 -41.33300 -6.29000 -0.15993 0.48000 0.42000
172.82770 -41.52530 -6.73000 0.02007 0.52000 0.51000
174.02220 -41.34780 -11.84000 -2.39993 0.51000 0.45000
173.39590 -41.47410 -8.78000 -0.71993 0.51000 0.48000
173.80220 -41.54280 -12.23000 -2.42993 0.50000 0.55000
172.54130 -41.55200 -6.23000 0.28007 0.48000 0.44000
173.99760 -41.61580 -16.66000 -4.81993 0.44000 0.48000
173.05790 -41.62680 -8.11000 -0.45993 0.66000 0.53000
172.76220 -41.69860 -6.89000 0.53007 0.56000 0.47000
173.39510 -41.70010 -11.81000 -1.43993 0.45000 0.43000
172.27990 -41.72170 -5.01000 0.08007 0.47000 0.47000
172.49950 -41.72910 -6.92000 1.07007 0.55000 0.52000
172.11840 -42.02950 -5.54000 -0.32993 0.45000 0.43000
172.35910 -41.82090 -5.99000 0.29007 0.45000 0.46000
173.34600 -41.95830 -15.49000 -3.55993 0.46000 0.43000
173.60160 -41.97800 -21.63000 -6.40993 0.49000 0.55000
173.42910 -42.13470 -21.16000 -7.07993 0.49000 0.51000
173.22410 -42.27190 -20.98000 -6.59993 0.43000 0.45000
173.61190 -42.31090 -26.88000 -10.09993 0.54000 0.70000
173.69690 -42.42050 -30.11000 -10.99993 0.94000 1.03000
172.93550 -42.47350 -22.34000 -7.80993 0.54000 0.41000
173.01030 -42.68740 -28.21000 -10.17993 0.54000 0.43000
172.64260 -42.74430 -25.20000 -9.88993 0.74000 0.76000
173.02570 -42.78610 -29.34000 -11.51993 0.70000 0.51000
172.69250 -42.83800 -28.28000 -10.73993 0.79000 1.09000
172.50280 -42.89420 -27.01000 -10.75993 0.60000 0.60000
172.81300 -42.90710 -29.36000 -11.39993 0.76000 0.96000
172.69290 -42.98740 -29.36000 -9.65993 0.64000 0.81000
172.54840 -43.11770 -29.91000 -10.42993 0.56000 0.64000
172.65000 -42.05320 -8.63000 -0.01993 0.67000 0.77000
173.37350 -42.61580 -29.65000 -9.36993 0.61000 0.70000
173.80560 -41.74530 -17.16000 -5.12993 0.47000 0.48000
174.16000 -41.02660 -10.32000 -1.51993 0.50000 0.58000
172.31120 -41.06280 -3.53000 0.35007 0.52000 0.43000
172.68170 -41.21790 -4.83000 0.57007 0.54000 0.83000
172.99450 -41.12380 -4.89000 0.10007 0.62000 0.49000
172.19950 -42.31190 -6.88000 -0.57993 0.58000 0.60000
173.92430 -42.15570 -28.56000 -10.14993 0.47000 0.58000
172.23670 -42.14800 -6.15000 -0.61993 0.46000 0.46000
173.21570 -41.30100 -7.14000 -0.36993 0.38000 0.37000
172.78200 -41.77590 -8.20000 0.11007 0.51000 0.46000
172.69120 -41.10910 -4.81000 0.23007 0.48000 0.44000
173.57880 -41.24090 -8.60000 -1.22993 0.66000 0.39000
172.10810 -41.16840 -2.66000 -0.21993 0.59000 0.49000
172.38350 -40.68790 -2.71000 0.52008 0.38000 0.44000
172.70980 -40.51200 -2.73000 0.40008 0.49000 0.54000
174.13670 -41.82260 -23.67000 -8.19993 0.60000 0.58000
173.37160 -42.03200 -17.96000 -5.00993 0.50000 0.54000
173.34760 -41.62550 -9.54000 -0.74993 0.48000 0.45000
173.19400 -42.48830 -26.02000 -9.05993 0.45000 0.60000
173.24810 -42.41600 -24.90000 -8.65993 0.44000 0.45000
173.43050 -42.39040 -26.95000 -9.19993 0.48000 0.50000
173.43410 -42.36620 -26.15000 -9.37993 0.46000 0.47000
173.01380 -42.32040 -20.02000 -5.92993 0.46000 0.48000
173.07530 -42.19720 -17.76000 -5.10993 0.51000 0.61000
173.88900 -41.94830 -23.03000 -8.74993 0.51000 0.55000
174.00600 -41.87910 -22.55000 -7.64993 0.78000 0.86000
173.08000 -41.90400 -11.12000 -1.13993 0.43000 0.48000
173.66920 -41.86930 -18.23000 -5.45993 0.58000 0.57000
171.14450 -42.55820 -3.14000 -1.58993 0.48000 0.57000
174.17120 -41.84850 -24.62000 -7.96993 0.65000 0.59000
174.02900 -41.78160 -20.93000 -7.50993 0.76000 0.64000
173.69570 -41.41050 -9.82000 -1.54993 0.53000 0.48000
172.67220 -40.71300 -2.92000 0.23008 0.58000 0.54000
173.13160 -41.49270 -7.89000 -0.02993 0.47000 0.47000
172.37890 -41.24080 -3.67000 -0.14993 0.44000 0.43000
173.23110 -42.84380 -31.70000 -11.55993 0.62000 0.64000
172.60310 -41.03480 -4.19000 0.31007 0.44000 0.40000
172.23910 -41.40590 -4.08000 0.89007 0.51000 0.58000
172.50860 -41.42450 -5.57000 0.48007 0.46000 0.49000
172.85040 -40.93420 -4.35000 0.36007 0.42000 0.42000
172.62130 -40.87670 -3.58000 0.51007 0.42000 0.48000
172.28040 -40.87260 -2.91000 0.22007 0.43000 0.49000
173.94550 -41.85220 -21.44000 -7.34993 0.39000 0.54000
173.54390 -41.74190 -14.08000 -2.65993 0.52000 0.47000
173.82310 -40.96330 -7.88000 -1.14993 0.51000 0.47000
116.87972 -33.02601 -1.03807 0.04564 0.81298 0.33778
153.38126 -28.07696 0.41569 -0.16356 0.28759 0.21551
190.06887 -19.06235 -77.86954 7.35732 0.58327 0.22902
143.65172 -38.77978 0.10513 -0.65133 0.42279 0.34346
121.31906 -28.87843 -0.26795 0.00053 0.43992 0.24545
150.04128 -33.32495 -4.53621 -1.13385 1.25471 1.12137
137.72132 -33.96798 0.00634 -0.33467 0.58688 0.44446
164.94306 -20.68883 -0.10053 0.62257 1.11812 0.86039
152.66005 -26.18851 0.97626 -0.28229 0.77531 0.48326
121.64516 -33.17733 0.97209 1.97083 0.51311 0.82414
166.90501 -22.31499 0.19278 -0.57101 0.73392 0.32810
150.82014 -34.06328 3.50986 -0.25708 0.84106 0.68512
152.95152 -27.08443 0.24003 -0.35390 0.26057 0.44449
140.49329 -34.70987 -0.01005 -1.01300 0.42439 0.51360
151.69962 -27.27029 -0.16008 -0.97771 0.39200 0.59740
139.59791 -32.56477 0.22493 -0.54761 0.55610 0.46955
148.28275 -34.30375 0.50605 -0.09548 0.23193 0.22508
130.94157 -25.23105 0.21880 -0.10455 0.23660 0.23240
146.67292 -38.56256 0.45274 -1.19785 0.30027 0.30165
149.01667 -23.27001 4.93041 1.88091 0.38052 0.44676
137.60627 -35.01703 0.41751 0.10597 0.39602 0.39222
146.21255 -38.81225 0.75241 -1.15675 0.25930 0.24813
153.35790 -29.44743 0.47857 -0.18701 0.23565 0.22839
150.73231 -28.63165 0.40023 -0.03116 0.49376 0.47341
145.23584 -35.92793 0.48950 -0.56032 0.41802 0.39079
148.91325 -34.84490 0.28188 -0.14190 0.22706 0.23095
141.45461 -34.52797 1.02323 -1.31324 0.29397 0.25107
151.92223 -31.23633 0.32795 0.12420 0.25170 0.23204
146.34903 -38.18210 1.06845 -1.15377 0.25915 0.29536
152.79012 -27.92746 0.21101 -0.11060 0.39437 0.37795
151.42398 -33.28254 0.38427 -0.66051 0.23083 0.23522
143.22594 -36.07746 0.32101 -0.32440 0.24907 0.25082
144.05157 -38.28224 0.18659 -1.32609 1.64138 0.20352
135.45368 -33.04466 0.50031 -0.51358 0.69484 0.56453
148.95661 -32.57378 0.16792 0.19970 0.30704 0.29894
143.09301 -30.85328 -0.60351 -0.69266 0.30296 0.29781
145.11619 -37.51454 0.58902 -0.27598 0.34812 0.35953
147.83645 -31.70080 0.19147 -0.41320 0.22507 0.22824
144.66867 -37.90593 0.13473 -0.42288 0.26869 0.49433
144.29969 -38.19607 0.59068 -1.03826 0.44457 0.40887
145.59086 -38.60809 0.55896 -0.34042 0.22151 0.23128
145.53003 -37.77707 -0.04269 -0.32040 0.28176 0.26468
145.41211 -16.35905 0.06495 -0.15305 0.34742 0.32571
150.89427 -34.42779 0.44915 0.14626 0.26458 0.23732
143.00629 -22.46916 0.06850 -0.41391 0.35569 0.33447
146.32306 -36.35454 0.16056 0.45212 0.35178 0.35917
150.01722 -26.12376 1.48782 -0.68955 0.45407 0.70302
142.47852 -38.38271 0.33717 0.05095 0.30336 0.32052
152.62546 -30.93064 1.25776 2.10684 0.34438 0.62197
115.87964 -32.04239 0.20773 -0.39554 0.33971 0.32363
149.13772 -35.59454 0.35469 -0.24527 0.33498 0.31878
148.11694 -30.02338 0.16968 0.04855 0.21900 0.21227
143.37510 -31.55529 0.63667 0.11821 0.33219 0.36584
120.64350 -19.77860 0.05868 0.08696 0.23613 0.21932
137.58550 -33.03514 0.51658 0.21656 0.68790 0.60639
116.02808 -32.29752 -0.58641 -0.24735 0.20059 0.24177
150.59775 -33.88642 -0.27264 -0.25250 0.35751 0.33294
150.99497 -34.13421 0.15070 -0.33786 0.22891 0.21592
143.83022 -37.53775 0.74745 -0.35512 0.31333 0.31544
141.86239 -12.66834 -0.73413 -0.34435 0.68919 0.55532
149.25453 -29.01328 1.30483 -0.12191 0.26468 0.32300
143.61403 -36.42551 0.43470 -0.42841 0.26217 0.28067
146.85931 -36.11365 -0.17190 -1.28418 0.62638 0.70992
152.60714 -28.39343 0.48827 -0.30836 0.26127 0.25458
152.73427 -31.46106 0.31752 -0.07881 0.33483 0.29889
150.57421 -29.54058 0.17953 -0.25821 0.24909 0.30609
147.73418 -35.96600 0.98927 -0.09177 0.26277 0.26385
144.38100 -35.45533 0.64220 0.67334 0.24044 0.26177
210.70468 -17.80594 -83.31868 28.72070 0.40144 0.36880
150.97717 -33.88063 0.26967 -0.31840 0.22054 0.22681
143.92231 -35.73539 0.93593 0.17540 0.19570 0.49134
175.56341 -39.27527 -0.21795 -2.12248 1.57729 1.23664
138.61270 -35.54360 0.69663 -0.88930 0.59704 0.54305
115.81659 -31.97873 -0.46360 -0.40946 0.38084 0.36300
141.81264 -35.17123 0.56923 -0.54823 0.22291 0.23188
150.46534 -35.36196 1.70742 0.31796 0.30877 0.26890
128.88315 -31.67958 0.31036 -0.08012 0.25712 0.25581
153.04076 -26.39228 -1.06596 0.02180 0.51403 0.60923
146.83476 -19.25226 11.09992 -4.26378 1.78177 1.64355
150.16329 -30.64085 0.78802 0.81333 0.56146 0.50717
145.93165 -17.94174 0.10066 0.08556 0.35228 0.35071
147.56971 -32.63220 1.04204 0.01317 0.28668 0.28111
145.20774 -41.48956 -15.48473 5.03621 2.53146 1.22167
145.13240 -40.85049 0.10947 -0.42016 0.47103 0.46837
147.35507 -42.94248 22.02619 -0.21554 2.33757 0.55203
151.89928 -26.79542 -0.20403 -0.08131 0.36157 0.40079
146.53643 -38.19760 -0.21756 -1.08869 0.51378 0.49232
147.36975 -32.25336 -0.20115 -0.33825 0.24192 0.24172
146.97542 -32.00725 0.42155 -1.15735 0.56340 0.51606
144.30990 -38.32194 3.50886 5.51328 1.45265 0.84792
115.58434 -31.49569 0.42150 -0.62360 0.49036 0.33750
152.36642 -27.08332 -0.29042 -0.13037 0.28312 0.26210
117.40031 -22.84645 -0.36644 -0.02270 0.24031 0.23358
152.01992 -29.05477 0.43021 -0.08012 0.23542 0.22864
150.57353 -24.49174 0.80158 1.85765 0.31238 0.33886
148.22018 -35.30108 0.31658 -0.40414 0.21807 0.22588
147.53441 -34.44644 0.41232 -0.33071 0.23455 0.23223
146.28410 -24.77170 0.35000 0.21407 0.26983 0.27683
148.01153 -35.77768 0.29650 -0.07383 0.22402 0.21801
147.12528 -41.41865 0.46642 -0.95048 0.59747 0.53634
144.41379 -30.86696 0.33813 -0.17695 0.24520 0.24234
142.22195 -10.58648 0.30155 0.20078 0.41358 0.40594
139.46002 -35.27341 1.31497 -0.88603 0.51553 0.49889
146.39824 -37.84353 0.44131 0.15319 0.35564 0.32455
150.07546 -24.94861 -0.03661 -0.89448 0.52490 0.64317
148.78449 -23.96063 0.75700 0.28775 0.31299 0.32997
141.11095 -36.12601 1.26567 -0.37470 0.43879 0.34446
146.77190 -19.27075 0.57481 4.31454 0.65410 0.72025
153.00339 -25.91883 1.00106 0.74393 0.31158 0.27475
145.27045 -36.43964 -0.22613 -1.03929 0.25200 0.37986
152.46593 -31.93407 0.90933 -0.68239 0.56838 0.48166
152.46380 -31.91220 0.64266 -0.37391 0.24362 0.23725
149.89452 -25.80138 0.72244 0.81224 0.33740 0.32331
150.93340 -31.09410 0.41463 -0.13376 0.19780 0.19208
149.11329 -26.04064 3.83546 18.41188 1.58659 1.17960
149.16106 -35.34251 0.23037 -0.29057 0.25887 0.25143
152.87707 -27.67242 0.29160 0.13531 0.28516 0.26020
143.56016 -35.34347 0.11661 -0.01229 0.24474 0.25584
178.44336 -18.14825 -6.97146 -6.85357 1.13852 0.85282
141.13655 -37.72878 0.24146 -0.43496 0.24351 0.25354
149.58772 -22.48320 -0.67458 0.04410 1.45879 0.79904
115.68434 -32.21240 -0.46426 -0.18503 0.56532 0.47861
143.28529 -24.35024 0.51077 2.08615 0.40616 0.44147
138.89827 -35.25231 0.32810 0.12096 0.63811 0.57257
143.25739 -36.61523 0.71572 -1.15722 1.13583 1.05141
145.58429 -40.96165 -0.14320 -0.33062 0.35850 0.38636
140.98918 -36.37788 -0.19702 1.53268 0.44977 1.04582
150.56394 -33.69854 -0.19490 -0.09168 0.22102 0.22140
151.62366 -32.96025 1.21419 0.09956 0.30724 0.28709
151.17575 -32.55823 0.18642 -0.08069 0.23673 0.22983
149.22564 -21.06689 -0.68744 0.91240 0.26158 0.26312
143.35951 -37.68485 0.16104 -0.50203 0.24564 0.25168
152.90777 -27.68324 0.97488 -0.73023 0.45597 0.37867
145.13919 -37.02422 0.73274 -0.58537 0.24337 0.25108
166.95186 -45.26517 -22.82829 -5.31524 0.70503 1.05773
150.86965 -32.05135 0.39154 -0.07470 0.24749 0.22533
121.54869 -32.95054 0.69940 1.93373 1.17587 0.87016
149.97668 -32.79244 0.29329 -0.03260 0.23764 0.23721
136.90209 -30.55810 1.30072 0.55958 0.35917 0.32140
145.48269 -17.60640 -0.14028 -0.32856 0.37124 0.34289
146.89610 -20.11193 0.66313 -1.71169 0.68788 0.69024
141.26898 -34.04248 0.32563 0.03245 0.26337 0.25466
146.50890 -36.09846 0.13645 -0.74113 0.24612 0.26510
138.75094 -34.53626 0.05306 -0.53110 0.36751 0.43600
151.91465 -24.63103 0.22771 0.44616 0.63325 0.63404
150.79008 -23.16098 0.37652 0.14671 0.28693 0.26248
115.52901 -31.99445 -0.79649 -1.48529 0.93029 0.72857
148.78788 -26.56955 0.63893 1.12541 0.34494 0.44255
150.51415 -23.37796 0.56826 0.68505 0.40610 0.40093
133.81654 -18.38788 -0.10043 0.12803 0.23097 0.22904
141.99295 -35.90976 0.23109 1.86459 0.29569 0.46075
148.39688 -24.40665 -3.04688 -2.48419 0.76431 1.26258
225.03110 -23.11777 -78.04887 40.68751 0.43586 0.35449
137.83480 -19.96761 0.19854 0.12041 0.23745 0.23656
129.99221 -17.71160 -0.12662 0.00348 0.28024 0.26730
150.20910 -23.28765 1.68572 0.64479 0.35650 0.33881
145.96184 -41.06512 0.40935 -0.43455 0.20810 0.21415
149.65499 -33.41566 0.13755 0.04579 0.25453 0.21655
147.58729 -23.42642 0.50524 -0.58251 0.37802 0.34642
142.76988 -34.59032 0.64422 0.33805 0.29524 0.32727
151.74543 -32.76287 0.29408 -0.09717 0.32424 0.31059
146.38865 -37.95394 0.85930 -0.88816 0.62052 0.54327
146.26165 -33.84198 0.43808 0.22406 0.26928 0.25287
146.57851 -35.59377 0.10101 0.28782 0.25338 0.22791
145.56460 -42.07962 -0.31136 -0.78586 0.53266 0.52390
147.87001 -30.93299 -0.27785 0.17151 0.30811 0.31499
178.46800 -18.12896 -5.32289 -4.98919 0.78169 0.80810
130.88282 -12.42921 -1.03942 -0.28753 0.78448 0.66420
144.63809 -38.27031 0.01602 -0.25473 0.25680 0.29322
152.93861 -27.50975 1.25952 -0.68954 0.56358 0.48842
140.54517 -36.69157 0.70910 0.44169 0.82697 0.75118
150.65952 -32.95304 0.19824 0.08495 0.23231 0.23379
152.88251 -31.45322 2.62666 -1.28603 0.85095 0.52657
135.85652 -34.72904 -0.78518 -3.64203 0.60605 0.73636
150.86249 -23.58411 0.32175 -1.19817 0.48729 0.54451
142.23828 -38.38504 0.21226 -0.37171 0.23390 0.25540
149.08900 -35.36357 0.54247 -0.44535 0.28892 0.27464
130.84307 -12.43262 -0.30489 0.44931 0.48745 0.48944
210.42813 -17.54257 -83.46800 27.73759 0.52234 0.47485
142.56686 -33.38252 -1.46336 -0.00615 1.45550 0.32124
142.99703 -38.61742 0.08521 -0.50196 0.27533 0.28686
147.84716 -43.14312 0.01579 -0.27705 0.52885 0.56029
150.68774 -33.73998 -0.42660 0.36678 0.31729 0.33741
138.41601 -34.31187 0.32178 -0.71268 0.43531 0.40493
140.82658 -37.40835 0.67252 0.49901 0.69421 0.81611
145.67272 -16.73977 -0.03040 0.22830 0.36233 0.34125
152.89768 -31.46190 -0.07848 0.09154 0.23771 0.23184
139.06598 -34.74614 0.00519 -1.03928 0.62007 0.56748
144.96092 -37.79981 0.26441 -1.08940 0.22174 0.25300
145.48557 -38.07754 0.53048 -0.82434 0.47604 0.45366
145.49414 -38.11134 -0.28624 -0.72629 0.51613 0.46486
151.63256 -27.71620 -0.24741 0.26872 0.48536 0.48294
116.97967 -32.49120 0.26326 -0.09248 0.49665 0.44954
140.90684 -35.26148 -0.20942 -0.75798 0.37140 0.35868
153.33604 -27.80671 0.00730 -0.91834 0.48558 0.47172
143.32773 -35.05433 -0.91762 -0.52003 0.26327 0.22703
148.40997 -36.41128 0.24567 -0.24303 0.23402 0.22990
150.60515 -34.15761 0.69963 -2.64461 0.29448 0.30903
151.21206 -33.97402 0.09866 -0.16198 0.21562 0.21196
142.19091 -35.38294 0.99028 -1.68982 0.91753 1.84695
210.42546 -17.56674 -76.92939 21.12244 3.75491 2.14547
144.06779 -38.44210 4.50768 -4.16803 0.35798 0.37445
144.10171 -34.19316 0.76487 -0.46148 0.33128 0.31019
148.64605 -32.75384 0.19994 -0.37692 0.24603 0.23632
149.09803 -33.28519 0.19515 -0.20986 0.22148 0.21608
148.45514 -37.70410 0.14301 -0.24966 0.24235 0.25688
150.74014 -34.00096 1.45833 -1.51877 0.31779 0.33191
138.48975 -35.17735 0.29365 -0.59024 0.56720 0.46394
147.60057 -37.10199 2.32049 -1.43810 0.36450 0.43149
136.89062 -30.43941 -0.90337 -1.37569 1.20153 0.87826
149.85761 -33.70394 0.12307 -0.03436 0.22241 0.21543
146.31563 -32.06615 0.63913 -0.21280 0.26419 0.25821
118.17497 -33.66562 -0.03338 -0.07643 0.49629 0.44875
150.60481 -34.87376 0.24406 -0.09832 0.21668 0.21296
151.76523 -32.92957 0.21750 -0.16384 0.21681 0.21670
130.89380 -31.43867 0.29579 -0.34788 0.29686 0.29890
133.97004 -21.45723 -0.09278 0.17668 0.24572 0.24252
150.44411 -29.04554 0.25431 0.28383 0.24852 0.24772
139.31687 -35.49012 0.74673 0.08532 0.54088 0.50779
148.23871 -32.23444 0.50029 0.40154 0.24410 0.23839
151.71628 -31.51355 0.28258 1.33138 0.23850 0.26284
153.08016 -26.38301 -0.17042 -1.36242 0.64647 0.54653
141.06917 -17.67168 -0.05532 -0.06060 0.26726 0.25984
153.23158 -28.59783 0.51389 0.04390 0.26174 0.24764
141.00621 -38.04791 -0.13208 -0.10096 0.18638 0.21035
147.89221 -21.21261 0.73678 0.35529 0.81250 0.59207
190.07935 -19.05300 -77.24855 6.53221 0.53151 0.46569
138.48950 -34.79382 0.30096 0.43368 0.30381 0.31688
147.19456 -31.56390 0.52169 -0.33189 0.24107 0.24238
145.35209 -38.51399 0.22200 -0.81196 0.22939 0.23531
151.78875 -32.92396 0.36297 -0.08373 0.23334 0.22885
118.82151 -33.02153 2.30422 1.10759 0.59037 0.46757
153.33472 -27.99080 0.21067 -0.08611 0.50781 0.42221
148.69855 -21.64028 0.17598 0.45270 0.27881 0.28397
146.53754 -34.75190 0.34558 -0.10708 0.22626 0.22154
116.12327 -34.70837 -0.17489 -0.30549 0.24374 0.24541
145.81404 -29.67715 0.14382 0.39207 0.26450 0.26396
149.78636 -30.33012 0.32287 -0.13501 0.22269 0.22131
138.26278 -34.01695 2.73373 -1.67528 0.82180 0.75115
149.33765 -23.73878 0.37189 -0.01576 0.41257 0.30459
152.96809 -26.61988 1.85895 -0.37641 0.53985 0.48663
146.72220 -36.55796 0.44245 -0.22922 0.25844 0.26848
115.73808 -33.05508 0.09873 -1.79093 0.63820 0.55201
145.98846 -35.99313 5.47739 4.63823 0.29392 0.37979
145.74077 -37.51023 0.05447 -0.24799 0.32418 0.36494
183.83152 -13.28465 -88.29757 2.90677 0.37436 0.36402
141.18112 -35.26258 0.19089 -0.25994 0.24901 0.23297
116.68259 -31.73937 0.42442 -0.05588 0.47762 0.45445
134.05857 -30.28197 0.33384 -0.03988 0.24494 0.24456
149.58468 -32.58999 0.20387 -0.05929 0.24165 0.23138
153.46596 -27.03104 1.15509 1.07970 0.62448 0.51939
151.56030 -32.73698 0.90324 -0.31909 0.28352 0.27475
139.48643 -20.69040 0.25333 -0.90222 0.24632 0.24104
151.09911 -32.61543 1.33292 -0.67152 0.26981 0.25409
131.49273 -22.13280 0.04007 0.13727 0.22519 0.22468
146.44879 -37.14513 0.19334 -0.71435 0.28519 0.29927
138.86042 -35.06342 0.11431 -0.15709 0.36867 0.34883
150.37378 -34.54982 0.31805 -0.27344 0.18967 0.30453
150.35526 -32.13975 0.23089 0.08605 0.25108 0.24676
167.87580 -21.54756 -1.11019 -0.49746 1.41097 1.40326
147.85034 -20.55604 -0.00471 0.13570 0.33277 0.31469
148.22709 -19.99976 -0.47222 -0.50395 0.32564 0.31689
147.28074 -20.05887 0.24262 -0.06695 0.45091 0.38527
147.84268 -19.92292 0.54309 -0.19911 0.34242 0.31091
145.99626 -18.68493 -0.01598 -0.15323 0.32142 0.30299
146.32838 -18.52768 1.70242 0.21640 0.31264 0.31049
146.51787 -19.33130 -0.61110 2.09484 0.70194 0.84205
147.47879 -19.45981 0.52350 0.08390 0.27969 0.27655
146.83355 -19.75705 0.19597 0.57588 0.30067 0.28680
145.06634 -38.22927 0.52003 -0.41431 0.24386 0.25737
141.54875 -37.71969 1.02339 -0.36084 0.33460 0.33664
148.86339 -21.15989 0.27499 0.86866 0.63130 0.33537
149.82555 -29.45772 1.27719 -1.86434 0.25856 0.28624
145.32384 -17.01794 0.15554 0.56972 0.25173 0.25864
144.03603 -35.09104 1.12954 -0.18223 0.27784 0.22614
142.13136 -37.40214 0.07743 -0.28530 0.25880 0.26961
152.55697 -28.04563 -4.92525 6.03760 1.73651 2.08933
145.33315 -16.67673 -0.72995 0.43097 0.35566 0.32463
150.19199 -35.74738 0.50886 -0.32796 0.33052 0.30728
148.06108 -23.90955 -0.52980 0.01886 0.35485 0.33568
139.31267 -34.90387 0.51756 0.08315 0.46155 0.43850
151.12618 -24.87043 0.40521 5.58438 0.31040 0.36314
146.08647 -37.06548 0.63381 0.05460 0.29052 0.29575
151.55111 -33.17148 0.61083 0.36701 0.29779 0.29101
115.71104 -32.52974 -0.18706 0.04513 0.38988 0.39928
142.41793 -32.39281 0.53375 -0.10972 0.25537 0.25433
137.57986 -35.57900 3.36117 -5.14286 0.61513 2.07347
150.15880 -26.81358 1.41022 -0.50566 0.36557 0.33168
142.80842 -38.08156 0.54196 -0.41852 0.23587 0.24198
216.43079 -16.62705 -85.36987 33.34731 0.39220 0.35822
142.65766 -35.15597 2.03781 -0.64239 0.51850 0.33924
145.85056 -17.14547 -0.41260 -0.59546 0.74116 0.75133
151.55999 -24.32780 1.05839 0.06764 0.40555 0.45672
147.37323 -36.53221 0.06654 -0.35893 0.46789 0.52722
116.00546 -31.88651 0.03942 -0.08324 0.47227 0.32771
148.71174 -20.64437 0.62723 0.51211 0.28850 0.25583
149.14745 -35.71878 -0.49941 -0.33494 0.47382 0.34601
145.91202 -32.92025 0.33894 -0.39351 0.30200 0.29858
150.83099 -33.62651 -0.01592 -0.14364 0.22544 0.24018
141.80663 -34.27235 -0.66347 -0.15733 0.23935 0.32137
150.74376 -34.12609 -0.04110 -2.51166 0.22399 0.21989
114.60955 -26.75739 -0.28303 -0.08951 0.24756 0.23182
130.74108 -12.44715 -2.09061 -0.35116 1.16667 1.04341
115.72923 -32.53530 0.44192 -0.18207 0.33715 0.35164
140.35571 -37.60233 0.89364 -1.01149 0.57446 0.89405
138.65145 -35.52192 0.27252 -0.79739 0.40029 0.39235
153.09321 -26.66677 0.26740 -0.24128 0.59450 0.55526
152.70640 -25.53440 -0.17874 0.09539 0.35925 0.36164
153.42753 -27.97063 0.27244 -0.36076 0.41553 0.37624
143.75983 -37.00541 0.29467 -0.17102 0.24304 0.24856
141.06191 -35.04864 -1.70059 2.53855 0.27428 0.40599
151.46216 -33.11834 -0.96511 0.89657 0.34848 0.32640
150.70513 -23.72642 -2.04039 -0.38977 0.92017 0.43188
145.81583 -17.62414 -0.13866 -2.38893 0.54042 0.57966
134.09288 -14.04620 -0.32656 0.31082 0.25143 0.24529
146.98530 -37.97218 1.41756 -0.29627 0.36857 0.28485
152.91838 -30.71043 0.32542 -0.04363 0.24661 0.22994
144.45698 -15.57750 0.32344 0.15204 0.25437 0.24617
140.36951 -36.97473 -0.65452 -0.23644 0.56365 0.51698
140.26854 -37.03867 0.06290 0.15273 0.48525 0.46605
149.01213 -22.29806 -0.95159 -4.99911 1.70168 1.45457
153.27580 -28.81007 0.23486 0.23710 0.57472 0.61580
145.11683 -30.53350 0.42011 1.18659 0.29154 0.29064
144.27421 -23.43794 -0.16877 -0.28928 0.34220 0.42620
146.70582 -35.22725 0.35617 -0.61637 0.22818 0.22884
147.98290 -29.42973 -0.13017 -1.07566 0.25275 0.25848
141.01122 -34.10538 -0.22634 -0.48629 0.22471 0.22401
147.21475 -41.25161 -0.03630 -0.48613 0.28173 0.28607
146.67308 -41.90226 0.15244 -0.51955 0.21149 0.21172
145.94341 -38.47669 0.14693 -1.39454 0.66645 0.53802
150.15984 -33.48094 0.38170 0.14125 0.22593 0.22984
144.09306 -37.91100 -0.12495 -0.12732 0.43094 0.42414
147.97191 -37.88413 -0.29886 -0.24931 0.26383 0.31516
114.10311 -22.21854 -0.49500 0.09806 0.23737 0.23284
146.62230 -37.62820 0.15242 -1.00152 0.55798 0.28517
153.02587 -27.49586 2.42984 0.41661 0.61646 0.47146
115.34658 -31.04645 -0.20840 0.63488 0.51511 0.45032
134.06293 -26.93861 -0.30852 -0.05388 0.28158 0.28044
143.37533 -35.67345 -3.17768 7.23367 0.90889 1.01374
150.66561 -33.55426 0.10196 -0.35875 0.36723 0.34020
145.00986 -32.32619 0.46879 -0.31411 0.26469 0.26182
118.08396 -33.19035 0.04399 0.53066 0.39674 0.36987
144.45322 -37.24749 0.04044 -0.41729 0.28931 0.27348
150.31819 -33.69579 0.42120 -0.33657 0.30442 0.28029
116.84414 -20.73456 -0.39690 -0.03334 0.32949 0.32828
149.24326 -21.60647 0.90122 0.22927 0.30797 0.44295
117.15867 -33.83172 -0.75713 -1.42339 0.52366 0.49727
150.14050 -22.79911 0.26210 0.66291 0.52019 0.34443
151.39194 -33.48123 0.07528 -0.19865 0.32185 0.30567
149.46526 -23.12197 -10.85644 -2.41307 2.37346 1.64549
130.95554 -16.11772 0.51421 0.41539 0.31172 0.29665
150.79172 -33.51189 0.77678 -0.48256 0.35800 0.34787
139.86421 -36.82986 0.28688 -0.49406 0.51854 0.46152
151.07306 -34.04335 0.04755 -0.06292 0.27825 0.26344
151.83972 -26.54016 0.55273 0.81743 0.32487 0.32223
144.95144 -37.29219 0.61944 -0.41645 0.31084 0.34016
152.25207 -26.08422 0.35581 0.17645 0.25825 0.25594
143.84707 -39.94185 0.37526 -0.29347 0.25456 0.25232
144.84787 -37.72106 0.74177 0.06656 0.26131 0.27549
115.09857 -34.16344 -0.62624 -0.22843 0.25115 0.24156
140.83551 -17.48702 -0.00635 -1.11569 0.66105 0.59036
137.12848 -35.83511 -0.42509 -0.65137 0.40125 0.53090
115.74994 -31.73241 -0.16618 -0.13680 0.31051 0.32069
151.49507 -27.42561 -0.44289 2.67159 0.32154 0.34723
141.73900 -20.66927 0.20908 0.32005 0.25809 0.24431
136.10067 -22.86052 0.13922 0.18989 0.23210 0.22998
145.72547 -35.35532 0.13711 -1.79263 0.24187 0.27686
152.65820 -27.65136 0.40971 2.96582 0.32576 0.31146
144.30888 -32.88343 0.73245 -0.79079 0.35200 0.32443
142.19122 -34.21971 2.54017 -0.06945 0.28462 0.26003
151.11440 -29.77642 0.35198 -0.42595 0.25352 0.23936
146.02917 -17.52703 0.39402 0.57482 0.36809 0.37048
148.56555 -25.84319 -0.39940 0.73933 0.30409 0.55826
166.56581 -20.57477 -0.21975 -1.21890 0.93557 0.88408
141.63189 -38.13507 -0.56342 -0.61732 0.47126 0.45932
152.80046 -25.29803 0.50674 -0.53414 0.70942 0.76303
144.20447 -20.94743 -0.12416 -0.05655 0.23966 0.24349
142.17487 -36.72275 0.39259 -0.35513 0.24930 0.25865
138.48577 -33.99793 -0.41304 -0.32677 0.50104 0.41976
147.14185 -36.98206 0.41938 -0.78507 0.28019 0.27633
148.96722 -21.35602 2.30001 0.65486 0.51340 0.45989
147.32812 -42.88496 -0.06132 -1.05771 0.69689 0.61720
151.09765 -33.70031 0.57454 -0.36528 0.26099 0.23923
148.95553 -20.35063 1.10212 0.77794 0.42214 0.36200
142.02475 -37.74519 -3.33531 2.48087 1.38263 1.04183
147.31740 -35.72437 0.37931 -0.13291 0.26605 0.26919
147.31747 -35.71122 -0.18534 -0.11563 0.47905 0.45616
145.53135 -33.48491 0.81360 -0.06088 0.24009 0.23907
146.36531 -19.01463 0.45536 0.85315 0.50487 0.50539
150.93930 -34.14037 0.51645 -0.27689 0.32587 0.30967
144.85246 -34.50553 0.05730 -0.61502 0.25704 0.25364
142.33953 -34.75569 0.45562 -0.30782 0.22171 0.21875
142.06563 -37.82071 -0.34731 0.51686 0.39524 0.33913
150.30384 -28.54672 0.88650 0.09818 0.59349 0.49389
148.97122 -30.60564 0.82593 0.36663 0.29724 0.30803
148.01090 -21.97463 1.17611 0.81094 0.46908 0.57341
149.79554 -29.73479 5.31326 -0.94295 0.38118 0.28780
150.25628 -30.97816 0.26399 0.57140 0.23654 0.22925
151.32859 -33.42046 4.55132 -0.76702 0.92588 0.56593
144.56775 -37.47953 -0.17741 0.12049 0.41716 0.37038
149.30472 -21.35740 1.48626 0.47851 0.33773 0.30148
136.42142 -13.85674 0.04504 -0.19282 0.33450 0.32761
116.06116 -33.86279 0.27734 -0.29156 0.37868 0.38550
148.43192 -20.23336 -0.24357 -1.22901 0.64306 0.60216
118.29874 -34.54248 0.58270 1.46924 0.34345 0.35209
151.28355 -33.42175 1.18000 0.11616 0.47189 0.49033
141.47277 -36.71819 0.08145 -1.08840 0.24412 0.28599
116.85301 -31.39668 -0.41595 -0.52917 0.34758 0.36509
145.70695 -33.98447 0.51830 -0.43206 0.27225 0.27473
149.58949 -37.47689 0.95724 -0.20643 0.29115 0.34471
149.13054 -35.18496 0.45211 -0.02319 0.26312 0.26365
144.35601 -38.14791 0.38964 -0.08766 0.34183 0.38601
147.27480 -42.83384 0.09972 -0.98617 0.50460 0.45065
151.75167 -29.74354 0.45142 0.05915 0.22995 0.21475
142.66188 -36.90896 0.13889 -0.26117 0.25745 0.26768
147.40275 -38.20886 0.18194 -0.78541 0.23900 0.24416
149.71772 -34.75568 0.39639 0.23108 0.20949 0.20582
149.71115 -34.74641 0.47429 -0.95232 0.29068 0.29576
148.66247 -31.71098 0.18311 0.19515 0.23460 0.22489
143.54064 -18.30596 0.11104 0.42936 0.25424 0.25070
152.93291 -29.69303 0.50131 -0.02199 0.22613 0.22030
146.03679 -34.28630 0.38582 -0.16796 0.21555 0.21781
148.16073 -33.89302 -0.30206 0.02175 0.22684 0.22989
150.82768 -34.74627 0.33915 -0.44915 0.29994 0.30202
114.60807 -28.77961 -0.84641 -0.22503 0.36784 0.36028
143.53902 -38.53146 -0.02222 -1.15123 0.47747 0.46476
148.26478 -37.21859 -0.07190 -0.27791 0.26345 0.26878
144.36174 -38.15944 0.41354 -1.06819 0.35892 0.34655
145.78090 -17.09679 0.46127 0.80062 0.54794 0.42737
115.33862 -24.63262 -0.31961 -0.13120 0.25875 0.25121
151.22525 -33.85505 0.36789 -0.12825 0.24303 0.24595
125.80045 -18.12595 -0.49923 0.86064 0.25992 0.28696
152.52240 -32.20111 0.14091 0.17344 0.25475 0.25087
148.00697 -33.38526 0.22995 -0.04754 0.24390 0.24806
139.99670 -20.80019 -1.21103 -0.89094 0.51723 0.47770
141.72814 -31.10467 0.33602 -0.23486 0.28726 0.27485
153.17561 -27.38473 0.46530 0.69956 0.44808 0.43918
178.45331 -18.11524 -30.71539 -6.87296 2.88200 1.85322
152.78955 -26.38553 0.12646 -0.66487 0.57658 0.52485
114.11338 -21.96067 -0.29725 0.00532 0.25143 0.23367
145.57285 -36.75317 0.28000 -0.17297 0.30512 0.32688
148.49388 -21.13103 1.24492 0.74203 0.38721 0.28894
147.23978 -36.46175 -0.39789 -1.37005 0.72721 0.54510
143.26230 -26.71220 0.28817 0.05395 0.25115 0.26541
144.31461 -36.71808 0.41856 -0.21527 0.28950 0.32132
140.71729 -20.44466 -0.70569 -6.92404 0.42046 0.43504
144.28578 -31.66633 0.34730 -0.30096 0.30723 0.29851
144.97367 -37.80861 -0.01811 -0.21964 0.84934 0.74677
115.98648 -31.79084 0.05429 -0.29063 0.51879 0.51722
151.11979 -25.37580 0.50124 -0.24041 0.26120 0.25537
149.90932 -37.07174 0.43547 -0.38455 0.25892 0.26608
150.91083 -34.37561 0.48724 0.01097 0.30138 0.30150
144.75359 -36.14031 0.56825 0.07223 0.22484 0.22969
145.93604 -38.24351 0.34322 -0.67236 0.26019 0.26619
148.50010 -22.59851 9.72894 2.16960 9.46312 4.82717
150.02745 -24.55957 1.77373 -6.40436 0.96406 0.75102
151.28700 -33.75126 0.46219 -0.26059 0.28242 0.28152
116.06255 -32.71354 -0.02556 -0.07924 0.27564 0.37901
149.38818 -32.01185 0.67459 0.60736 0.26880 0.25566
149.81346 -23.68715 2.55703 0.64192 0.70352 0.44876
147.25149 -37.45913 0.07051 -0.65039 0.40926 0.44248
146.34962 -41.17860 -0.02696 -0.33572 0.26081 0.26618
116.96952 -31.26717 -0.47916 0.01885 0.52726 0.46962
152.71304 -30.35037 0.20923 0.02885 0.25478 0.24505
145.06445 -37.68084 -0.00955 -1.06730 0.31794 0.67683
145.10975 -17.14692 0.16108 -0.11598 0.31084 0.29059
144.96463 -35.53161 1.48926 -0.03882 0.29680 0.36293
149.13573 -35.25074 -0.31094 -0.37047 0.25182 0.25378
150.27088 -23.94375 6.37035 -3.97670 1.15791 1.92341
145.11451 -37.97906 -1.14582 -0.75752 0.48313 0.47775
147.78127 -41.11602 -0.37083 -0.23934 0.47026 0.46329
146.71611 -41.52150 -0.25214 1.16983 0.63686 0.75498
153.04833 -27.32839 1.05977 -3.95651 0.65239 1.01370
148.70232 -33.83123 0.48432 -0.17281 0.22163 0.22264
151.17156 -33.59369 0.29659 0.06636 0.22249 0.22335
117.34451 -31.72852 4.88488 1.80480 1.31529 0.49655
147.27582 -22.19381 0.50837 2.51655 0.29707 0.31327
146.25773 -20.07287 0.30011 1.28682 0.47425 0.43748
148.02565 -34.63929 0.26821 0.04087 0.24147 0.23662
153.04758 -28.86556 0.34180 -0.02033 0.21859 0.21867
152.91101 -26.41612 0.99061 1.83954 0.37454 0.39290
143.63975 -38.02818 -2.09232 1.35908 1.02889 0.62728
145.29993 -37.81423 0.32748 -0.37662 0.44228 0.46375
144.90686 -37.82517 0.60399 -1.16945 0.44159 0.54536
150.76757 -34.32480 0.16034 -0.11470 0.24039 0.22496
150.27462 -25.29154 -0.41871 -0.14356 0.33173 0.37996
145.28693 -38.10798 -0.33197 -0.80740 0.36657 0.34613
148.67543 -33.84025 -0.12353 0.68501 0.43987 0.43938
147.90290 -36.19389 0.33430 -0.13788 0.31113 0.31828
152.77352 -29.58087 0.60714 -0.32273 0.26358 0.24252
149.50283 -25.01021 2.68264 0.83401 0.39967 0.35876
145.68034 -26.74210 0.36217 0.03096 0.24008 0.23830
149.12723 -36.23537 0.16619 -0.02361 0.21908 0.21039
116.30050 -33.28971 -0.40624 -0.39297 0.32194 0.28255
153.13833 -30.30011 0.34792 0.03997 0.23066 0.23026
143.17671 -13.95876 0.20717 0.23257 0.30387 0.32267
146.78081 -30.80706 0.47097 -0.26944 0.27596 0.27491
144.97355 -37.73948 0.55140 -0.35648 0.35638 0.79600
149.03277 -35.20638 0.34485 -0.21967 0.28913 0.29919
148.67200 -20.28905 -0.60135 0.18120 0.65771 0.61885
147.15101 -33.08515 0.19819 -0.27742 0.21454 0.21770
147.68814 -30.46531 -0.06451 0.39783 0.25714 0.25300
149.26958 -31.33331 0.52522 -0.07590 0.24026 0.24291
135.72926 -34.26351 -0.21819 -0.23581 0.36769 0.36965
150.69152 -34.04627 0.66834 -0.49742 0.36312 0.35596
136.48490 -33.70129 -1.17741 1.39165 2.69023 3.12829
146.10673 -17.85017 -0.01814 -0.42695 0.35896 0.34946
138.59978 -33.81811 -0.59538 -0.52168 0.42256 0.38022
145.88024 -34.80697 0.87550 -0.23248 0.22329 0.23100
144.79821 -36.59185 0.46609 -0.42182 0.26116 0.26111
148.58551 -29.54255 2.13256 -1.36116 0.28740 0.28278
149.71494 -31.83044 0.72385 -0.58874 0.29702 0.29236
143.58514 -38.34236 0.26204 -0.57052 0.22298 0.24706
149.47252 -34.45606 0.33799 -0.29842 0.23496 0.21812
145.24982 -15.45953 -1.81395 -2.00608 0.54238 0.49624
149.12080 -35.41824 -0.33286 -0.60531 0.47506 0.45706
151.20122 -33.88688 -0.18474 0.47216 0.50416 0.50016
151.35657 -32.83525 0.39769 -0.28245 0.28792 0.27867
146.02214 -18.26713 0.82498 0.21979 0.32306 0.30457
116.00341 -32.24201 -0.91988 -0.93108 0.47225 0.48827
147.62271 -22.72640 3.77653 3.16067 0.31054 0.34476
145.64416 -35.91200 0.46201 -0.14316 0.23769 0.24194
148.37823 -30.95353 0.84628 -0.44941 0.25432 0.24074
150.34037 -26.67132 1.96880 -0.41869 0.33872 0.27919
147.49916 -41.93254 0.34593 -0.64000 0.48593 0.44601
145.83616 -31.51365 -0.06677 -0.19883 0.28163 0.26382
146.36593 -33.28842 0.24648 -0.37426 0.24929 0.24622
148.24860 -21.99372 -0.06669 -3.40487 0.37162 0.39407
148.04001 -23.12179 -14.25186 -2.57374 2.43344 2.00038
149.15750 -37.56486 0.02250 -0.51806 0.24796 0.25950
140.91719 -21.86264 0.61838 -3.40282 0.36461 0.32872
151.21089 -23.99975 0.78070 0.28941 0.37616 0.38244
148.77643 -20.89846 0.92387 0.65068 0.33845 0.29272
150.69124 -34.17888 17.10194 -22.05404 1.22867 3.09119
150.76020 -34.07194 -0.09497 -0.97393 0.28524 0.28931
150.63915 -34.22161 0.25610 0.66098 0.28621 0.27241
115.30883 -33.67435 -0.05278 -0.70652 0.30114 0.27729
115.34905 -33.65054 0.12126 -0.14356 0.37793 0.37229
145.93430 -30.09526 0.47731 0.49080 0.24620 0.24910
151.08967 -30.18510 0.09721 -0.42244 0.34373 0.32027
148.16780 -37.49800 0.19819 -0.55668 0.25224 0.24610
147.97938 -21.82303 0.26719 0.74279 0.51837 0.53365
146.86082 -29.96840 0.95358 -0.04257 0.50657 0.26253
150.85835 -34.56417 0.32724 -0.06248 0.31879 0.20449
136.30227 -16.05450 -0.47476 0.09623 0.29973 0.29158
151.16992 -28.12546 -1.85613 0.27372 0.92395 0.55810
149.78519 -35.44648 0.30155 -0.17772 0.24130 0.22286
153.16319 -27.00906 0.96529 -0.65764 0.59820 0.52754
150.60730 -30.38034 -0.06674 0.21843 0.31265 0.24242
146.05522 -17.59011 -0.32808 -0.15246 0.53843 0.51146
147.00409 -42.38203 0.12150 -0.97209 0.33430 0.38047
143.72258 -36.13592 0.52992 0.33192 0.26916 0.39391
150.64078 -31.51222 0.27589 0.21969 0.25697 0.25961
148.70170 -34.43831 0.34160 -1.53242 0.29339 0.28915
142.66801 -36.34018 -1.46483 5.83227 0.55548 0.73408
144.88232 -38.40961 0.16917 -0.37434 0.32925 0.33362
149.23709 -36.91204 0.29317 -0.33392 0.23514 0.23334
142.84094 -37.71155 0.63956 0.00839 0.28319 0.26912
146.00597 -36.54385 0.85937 -0.08858 0.24760 0.25770
148.88491 -37.14748 0.33097 -0.35588 0.25264 0.27868
115.63814 -33.31918 -0.49310 -0.17021 0.45254 0.45177
144.44212 -37.67679 0.55471 -0.60803 0.51333 0.23996
147.98808 -21.79732 5.01468 2.41931 1.05011 0.70715
138.70702 -31.10632 -0.17213 -0.10366 0.26844 0.25205
143.56741 -34.64585 -0.74860 0.04368 0.27543 0.24258
115.92530 -31.94703 -0.62901 -0.57135 0.32160 0.31436
150.90879 -33.77174 0.44501 -0.32747 0.27949 0.28953
117.11212 -31.92616 -0.78117 -0.28679 0.41058 0.37848
144.88563 -33.86685 0.50246 -0.46513 0.36507 0.32849
150.24472 -31.65428 0.37274 0.05663 0.27373 0.25661
141.47010 -31.99629 -0.25140 0.22582 0.21682 0.20953
148.96419 -30.10165 3.22683 -1.05816 0.52755 0.29566
142.91284 -35.98547 -1.32749 -0.80058 3.99863 1.25017
115.69753 -33.15318 -0.35196 -0.36421 0.28330 0.24647
151.65233 -32.41177 0.57166 -0.01619 0.26329 0.24607
149.04748 -26.66509 9.61740 -1.62230 0.57680 0.56944
148.02623 -36.28075 0.36357 -0.51121 0.30154 0.31112
148.30364 -41.87379 0.33715 -0.25254 0.43671 0.40758
142.41471 -35.94000 0.27144 -0.08611 0.24583 0.25023
150.07597 -36.43062 -0.15853 -0.42625 0.31423 0.30927
130.98035 -12.79561 -0.92351 -0.77566 1.02383 0.70497
149.84201 -36.67591 0.01744 -0.26424 0.22815 0.22381
152.95525 -26.85806 1.23211 -0.46412 0.53573 0.47653
152.38318 -24.77201 0.05191 0.07289 0.47126 0.46231
139.34791 -25.90041 0.17024 0.18249 0.24164 0.23436
149.52201 -25.51046 0.52525 -0.44263 0.89408 1.74841
146.65399 -32.34187 0.54087 -0.25864 0.31998 0.32249
149.56722 -33.42968 0.16031 -0.05856 0.21954 0.21162
151.03633 -33.91507 0.31517 -0.28866 0.25920 0.25921
146.15561 -18.83733 -2.19411 -1.72694 0.54751 0.53862
141.84224 -37.24878 0.31168 -0.04182 0.24642 0.24940
143.85492 -37.55888 1.79500 -0.65943 0.22122 0.22660
115.84257 -33.76668 -0.38035 -0.19043 0.21488 0.21755
115.80907 -31.86407 1.00382 -1.48907 0.63624 0.60817
123.86806 -32.46077 -0.00138 -0.23662 0.22616 0.22564
145.91466 -17.36798 -0.69197 -0.07049 0.36638 0.37470
117.01959 -33.44820 0.03546 0.58671 0.46890 0.52765
145.47605 -17.26745 0.66989 -0.15129 0.31772 0.33764
151.09315 -29.32435 0.34506 -0.01083 0.26254 0.26425
125.92436 -31.80911 0.09813 -0.23622 0.22322 0.22318
142.93128 -37.28279 0.75785 -0.15595 0.29003 0.26707
151.66583 -30.51461 0.36609 -0.02497 0.21957 0.21862
145.24546 -22.95681 0.53956 0.33293 0.26329 0.26759
146.90346 -34.35085 0.76344 4.06418 0.33147 0.46438
151.67469 -30.52087 0.45181 0.00267 0.30007 0.27209
148.85787 -25.27177 1.24313 -0.83633 0.50889 0.46455
141.08324 -36.96756 -0.07456 -0.77716 0.25351 0.24880
142.02680 -36.29540 0.80716 -1.27600 0.23099 0.23249
152.08633 -32.78479 0.10010 0.18324 0.23929 0.23532
144.19319 -38.39625 0.19915 -0.55251 0.25768 0.25312
146.37639 -41.20493 0.34062 -0.39839 0.31348 0.32409
146.91556 -36.07753 0.45767 -0.29230 0.21912 0.23196
148.78398 -35.99287 0.03307 -0.44929 0.33951 0.34121
138.60366 -34.93121 -0.01947 -0.48388 0.36537 0.36394
138.57974 -34.94299 0.49250 -0.61371 0.55836 0.48198
153.03876 -27.59852 3.09384 1.99661 0.37306 0.33873
117.88657 -35.02714 -0.07685 -0.40574 0.34154 0.32705
151.88700 -24.15901 0.76668 -0.00766 0.27102 0.26122
116.72543 -30.90257 -0.32665 -0.03648 0.54245 0.55600
118.28447 -31.48002 -0.26815 -0.29478 0.55723 0.47141
118.15807 -32.67028 -0.20162 -0.11590 0.52848 0.49770
117.57220 -33.69044 -0.38122 -0.19162 0.55351 0.49132
114.62574 -28.74569 0.37207 -0.06593 0.55023 0.56118
148.24803 -41.32581 -0.01237 -1.02048 0.53438 0.52247
147.31164 -42.97567 -0.23432 -0.78036 0.61914 0.54748
146.95170 -41.30011 -0.27807 -0.88663 0.76253 0.70503
146.59878 -41.52256 0.43237 -0.88670 0.38636 0.40363
138.35077 -35.45718 -0.07595 -0.61975 0.51945 0.51689
135.52783 -33.21709 -0.43833 -1.40645 0.54557 0.50084
135.53179 -34.45933 -0.07620 -0.79369 0.59974 0.51166
138.89585 -35.27031 -0.24371 -0.72184 0.59297 0.53047
138.74560 -34.16832 0.15091 -0.77057 0.62607 0.55359
138.63936 -34.43285 -0.06732 -1.05699 0.55436 0.53177
140.73392 -34.17544 0.15675 -0.31052 0.46028 0.43953
138.57130 -34.86919 -0.32057 -0.89702 0.49896 0.52528
139.02133 -34.03273 2.82042 -1.56543 1.34750 0.50380
137.76406 -32.49086 0.00811 -0.39748 0.48285 0.46283
140.52984 -36.65029 -0.00291 -0.42303 0.52731 0.49211
140.73029 -36.95917 0.23717 -0.44081 0.48875 0.47446
138.84543 -35.05337 0.05897 0.00513 0.52415 0.51953
135.15062 -32.83702 -0.00931 -1.18029 0.53466 0.51537
138.88953 -34.60236 2.83902 0.33203 0.61212 0.58312
140.41490 -35.37094 -0.79526 -1.34230 0.60822 0.70320
140.34077 -36.09996 0.00314 -0.40445 0.51159 0.49685
136.41847 -33.14539 -0.34866 -0.41385 0.51960 0.48527
140.72250 -37.19649 -0.10009 -0.52013 0.51240 0.48664
140.91419 -36.73149 0.18723 -0.61463 0.53234 0.46870
135.10764 -33.14123 0.22249 -0.38711 0.52581 0.48165
134.72866 -32.91658 -0.14195 -0.33596 0.54418 0.54186
136.50133 -33.70147 -0.32177 -0.21982 0.55969 0.53031
140.13617 -37.00216 -0.34445 -0.24896 0.50652 0.46242
148.81985 -26.57538 0.31180 -0.92170 0.53004 0.46531
151.28204 -27.94955 2.95154 0.79339 0.54084 0.46666
153.03338 -26.66279 0.22372 0.31201 0.44575 0.45776
153.33626 -27.92187 0.38704 -0.72423 0.43521 0.43327
147.94992 -21.75553 -0.16850 -0.79485 0.58248 0.50309
151.23215 -23.85446 -0.26600 -0.23946 0.52414 0.49175
151.24455 -23.83918 0.62512 1.20295 0.41353 0.46070
145.74248 -16.95238 0.20717 1.45204 0.45696 0.43671
153.05013 -27.49151 0.78664 1.04752 0.47062 0.52105
153.55611 -28.24457 1.01562 0.65796 0.44163 0.46063
142.39315 -36.25282 -0.02808 -0.63763 0.51603 0.52647
173.07555 -34.79250 0.67135 -0.73534 0.58462 0.58313
173.37313 -35.54145 1.01284 -1.27747 0.59883 0.59770
174.04674 -35.28654 0.78905 -1.16952 0.58412 0.57814
174.11985 -35.25490 0.68070 -0.68632 0.23216 0.22963
174.43097 -36.65116 0.02210 -0.09631 0.24355 0.24929
174.46571 -35.49883 0.55528 -0.91681 0.20342 0.20102
174.52822 -35.59087 1.64873 -1.62880 0.51038 0.50451
174.55597 -36.86818 0.50084 -0.61937 0.20072 0.19959
174.72947 -37.25658 0.24062 0.04077 0.25184 0.27240
174.75119 -36.75833 0.59498 -1.10964 0.24873 0.25752
174.77269 -37.40352 0.42637 -1.23502 0.49919 0.50399
174.80060 -36.27762 0.37846 -1.10897 0.19247 0.19559
174.85903 -37.33684 0.28793 -0.74998 0.20490 0.20925
174.90456 -36.98937 0.70350 -0.93479 0.20541 0.20464
174.92066 -36.87963 0.49217 -1.15993 0.24863 0.26732
174.98548 -37.03314 2.03674 -0.98435 0.83631 0.84113
174.99717 -37.09937 0.52823 -0.78670 0.86620 0.85609
175.01978 -36.78313 0.55362 -0.42345 0.20105 0.20013
175.08409 -36.81206 1.09601 -0.40782 0.24076 0.25538
175.16823 -36.76629 0.81783 -1.17867 0.22017 0.21938
175.17646 -37.51225 0.33034 -1.21837 0.20962 0.20957
175.26408 -36.98456 1.85436 -1.58477 0.47972 0.48442
175.28523 -37.21116 1.62876 -0.79337 0.82134 0.83621
175.42387 -37.35621 -0.04468 -1.00532 0.53907 0.52910
175.46194 -36.76013 1.38657 -0.89027 0.19670 0.19597
175.48821 -36.25861 1.36892 -1.23933 0.20957 0.20377
175.53677 -37.13473 1.17353 -0.81432 0.26089 0.25918
175.55664 -37.88937 0.23859 -1.07293 0.65741 0.62773
175.64907 -37.24644 1.72025 -0.87469 0.20560 0.20544
175.67909 -37.52399 0.91599 -1.06493 0.21959 0.21494
175.86603 -37.00049 1.95267 -0.80870 0.21567 0.20585
175.91889 -37.41111 2.34141 -0.65368 0.56407 0.52935
