                      ITRF2014 STATION POSITIONS AT EPOCH 2010.0 AND VELOCITIES
DOMES NB. SITE NAME        TECH. ID.        X/Vx       Y/Vy         Z/Vz         Sigmas            SOLN  DATA_START   DATA_END  
                                            -----------------------m/m/y---------------------
------------------------------------------------------------------------------------------------------------------------------
10002M003 Grasse(OCA)     VLBI 7605  4581697.4692   556126.0088  4389351.6133 0.0016 0.0014 0.0016
10002M003                                  -.01378       0.01888       0.01143 .00007 .00007 .00007
10003M003 Toulouse         VLBI 7608  4627949.8413   119843.9181  4372863.1808 0.0394 0.0353 0.0391
10003M003                                  -.01148       0.01934       0.01202 .00198 .00198 .00198
10004M002 Brest            VLBI 7604  4228876.9328  -333103.9448  4747181.1247 0.0425 0.0405 0.0431
10004M002                                  -.01167       0.01765       0.01086 .00198 .00198 .00198
10204M001 Hofn             VLBI 7635  2679650.2453  -727916.2266  5722807.5340 0.0355 0.0348 0.0385
10204M001                                  -.00269       0.01585       0.01963 .00198 .00198 .00198
10302M002 Tromso           VLBI 7602  2102903.7860   721602.8557  5958201.4495 0.0460 0.0313 0.0877
10302M002                                  -.01942       0.02044       0.00934 .00256 .00175 .00482
10317S003 Ny-Alesund       VLBI 7331  1202462.5677   252734.4956  6237766.1746 0.0006 0.0006 0.0007
10317S003                                  -.01461       0.00759       0.01039 .00004 .00004 .00004
10329M001 Trysil           VLBI 7607  2988028.9934   655957.1938  5578669.3623 0.0951 0.0348 0.1720
10329M001                                  -.01228       0.00939       0.01712 .00536 .00196 .00969
10402S002 Onsala           VLBI 7213  3370605.8407   711917.6739  5349830.8703 0.0007 0.0007 0.0007
10402S002                                  -.01437       0.01454       0.01042 .00004 .00004 .00004
10503M002 Metsahovi        VLBI 7601  2890652.5240  1310295.5165  5513958.8423 0.0016 0.0015 0.0017
10503M002                                  -.01643       0.01453       0.01001 .00006 .00006 .00007
10503S002 Metsahovi        VLBI 7385  2892584.8978  1311715.5529  5512640.1298 0.0009 0.0008 0.0012
10503S002                                  -.01643       0.01453       0.01001 .00006 .00006 .00007
12337S008 Simeiz           VLBI 7332  3785230.7914  2551207.6194  4439796.5041 0.0012 0.0010 0.0014
12337S008                                  -.02083       0.01599       0.01009 .00012 .00009 .00014
12338S003 Badary           VLBI 7382  -838200.9878  3865751.5645  4987670.9035 0.0007 0.0008 0.0008
12338S003                                  -.02773       0.00046       -.00274 .00007 .00012 .00016
12342S001 USSURIISK        VLBI 7247 -3059725.0279  3427256.7928  4409485.5179 5.2935 5.2979 5.3005
12342S001                                  -.00008       -.00016       -.00006 .29593 .29593 .29593
12350S001 Svetloe          VLBI 7380  2730173.7230  1562442.7504  5529969.1152 0.0007 0.0007 0.0007
12350S001                                  -.01863       0.01306       0.00793 .00005 .00005 .00007
12351S001 Zelenchukskaya   VLBI 7381  3451207.5870  3060375.3613  4391915.0083 0.0009 0.0009 0.0010  1 00:000:00000 07:182:00000
12351S001                                  -.02327       0.01308       0.00644 .00010 .00009 .00013
12351S001 Zelenchukskaya   VLBI 7381  3451207.5991  3060375.3698  4391915.0186 0.0007 0.0007 0.0007  2 07:182:00000 00:000:00000
12351S001                                  -.02327       0.01308       0.00644 .00010 .00009 .00013
12711S001 Medicina         VLBI 7230  4461369.7463   919597.0658  4449559.3477 0.0010 0.0008 0.0010  1 00:000:00000 96:183:00000
12711S001                                  -.01827       0.01879       0.01136 .00005 .00004 .00005
12711S001 Medicina         VLBI 7230  4461369.7473   919597.0658  4449559.3492 0.0007 0.0007 0.0007  2 96:183:00000 00:000:00000
12711S001                                  -.01827       0.01879       0.01136 .00005 .00004 .00005
12717S001 Noto             VLBI 7547  4934562.8871  1321201.4867  3806484.6874 0.0009 0.0007 0.0008
12717S001                                  -.01786       0.01752       0.01524 .00005 .00005 .00005
12734S005 Matera-ASI     VLBI 7243  4641938.5242  1393003.2627  4133325.7273 0.0007 0.0007 0.0007
12734S005                                  -.01886       0.01893       0.01443 .00004 .00004 .00004
13201S002 BARTONSTACEY/C  VLBI 7215  4008312.7081  -100648.8141  4943794.2846 8.0952 7.4619 8.3142
13201S002                                  0.08328       0.07640       -.01203 .27728 .25559 .28478
13296M002 BUDDON-CARNUS  VLBI 7603  3526416.4496  -171421.2286  5294098.7793 6.0255 6.0255 6.0255
13296M002                                  -.00016       -.00017       0.00000 .29593 .29593 .29593
13407S001 Madrid-Robledo   VLBI 1563  4849093.1332  -360180.3973  4115109.8043 2.8714 4.1566 4.9346
13407S001                                  -.00769       0.01942       0.01476 .00022 .00009 .00021
13407S003 Madrid-Robledo   VLBI 1561  4849245.1036  -360277.9061  4114884.7629 0.0539 0.0133 0.0469
13407S003                                  -.00769       0.01942       0.01476 .00022 .00009 .00021
13407S010 Madrid-Robledo   VLBI 1565  4849336.5864  -360488.5386  4114749.0224 0.0035 0.0015 0.0033  1 00:000:00000 97:105:00000
13407S010                                  -.00769       0.01942       0.01476 .00022 .00009 .00021
13407S010 Madrid-Robledo   VLBI 1565  4849336.5882  -360488.5391  4114749.0123 0.0023 0.0011 0.0022  2 97:105:00000 00:000:00000
13407S010                                  -.00769       0.01942       0.01476 .00022 .00009 .00021
13407S014 Madrid-Robledo   VLBI 1567  4849339.5810  -360427.5548  4114750.8013 0.0013 0.0008 0.0012
13407S014                                  -.00769       0.01942       0.01476 .00022 .00009 .00021
13420S001 Yebes            VLBI 7333  4848780.2120  -261701.8294  4123035.9439 0.0028 0.0012 0.0026
13420S001                                  -.00493       0.01904       0.01651 .00025 .00010 .00023
13420S002 Yebes            VLBI 7386  4848761.8252  -261484.2451  4123084.9840 0.0009 0.0007 0.0008  1 00:000:00000 11:315:00000
13420S002                                  -.00493       0.01904       0.01651 .00025 .00010 .00023
13420S002 Yebes            VLBI 7386  4848761.8312  -261484.2457  4123084.9892 0.0012 0.0008 0.0011  2 11:315:00000 00:000:00000
13420S002                                  -.00493       0.01904       0.01651 .00025 .00010 .00023
14201S004 Wettzell         VLBI 7224  4075539.6734   931735.4828  4801629.4955 0.0007 0.0007 0.0007
14201S004                                  -.01613       0.01705       0.01000 .00004 .00004 .00004
14201S100 Wettzell         VLBI 7593  4075572.4693   931755.3420  4801584.4885 0.0023 0.0010 0.0026
14201S100                                  -.01613       0.01705       0.01000 .00004 .00004 .00004
14202M002 HOHENBUNSTORF    VLBI 7600  3778214.5961   698644.6668  5074053.5845 6.0097 5.9413 6.0453
14202M002                                  -.01794       0.00074       0.00270 .29286 .28953 .29459
14209S001 EFFELSBERG       VLBI 7203  4033947.2721   486990.7305  4900430.9321 0.0034 0.0013 0.0038  1 00:000:00000 96:275:00000
14209S001                                  -.01428       0.01691       0.01057 .00015 .00007 .00018
14209S001 EFFELSBERG       VLBI 7203  4033947.2868   486990.7345  4900430.9476 0.0023 0.0010 0.0026  2 96:275:00000 00:000:00000
14209S001                                  -.01428       0.01691       0.01057 .00015 .00007 .00018
14213M002 HOHENPEISSENBER  VLBI 7630  4213687.2807   820422.8711  4702784.2076 5.1920 5.1920 5.1920
14213M002                                  -.00016       -.00018       0.00001 .29593 .29593 .29593
14260M001 KARLSBURG        VLBI 7632  3653205.0143   884427.3829  5135731.6092 5.1403 5.1324 5.1772
14260M001                                  0.04050       -.00723       -.02804 .29397 .29351 .29607
14261M001 KIRSCHBERG       VLBI 7631  3879831.4622   987963.9978  4948712.5147 4.9777 4.8342 5.0585
14261M001                                  0.03847       0.04251       -.04757 .28424 .27605 .28884
21605S008 ShanghaiI       VLBI 7226 -2847698.7957  4659872.5384  3283958.4545 0.3483 0.2966 0.2715
21605S008                                  -.02994       -.01119       -.01182 .00007 .00009 .00007
21605S009 ShanghaiI       VLBI 7227 -2831687.3009  4675733.5196  3275327.5365 0.0008 0.0009 0.0007  1 00:000:00000 11:070:20783
21605S009                                  -.02994       -.01119       -.01182 .00007 .00009 .00007
21605S009 ShanghaiI       VLBI 7227 -2831687.3054  4675733.5164  3275327.5424 0.0009 0.0009 0.0008  2 11:070:20783 00:000:00000
21605S009                                  -.02994       -.01119       -.01182 .00007 .00009 .00007
21609S003 Kunming          VLBI 7367 -1281152.7507  5640864.4036  2682653.5071 0.0055 0.0151 0.0079
21609S003                                  -.02773       -.02122       -.02266 .00192 .00519 .00266
21612S001 Urumqi           VLBI 7330   228310.3085  4631922.7589  4367064.0434 0.0007 0.0009 0.0009
21612S001                                  -.03213       -.00185       0.00465 .00007 .00013 .00012
21618S001 TianmaRadioTe  VLBI 7379 -2826708.6383  4679237.0447  3274667.5275 1.3036 1.3036 1.3036
21618S001                                  -.00006       -.00018       -.00005 .29593 .29593 .29593
21701S001 KASHIMA          VLBI 1856 -3997892.2749  3276581.3600  3724118.1403 0.0016 0.0013 0.0015
21701S001                                  -.00045       0.00593       -.00767 .00010 .00008 .00009
21701S004 KASHIMA          VLBI 1857 -3997649.2410  3276690.8420  3724278.7437 0.0012 0.0010 0.0011  1 00:000:00000 08:128:57723
21701S004                                  -.00045       0.00593       -.00767 .00010 .00008 .00009
21701S004 KASHIMA          VLBI 1857 -3997649.2557  3276690.8473  3724278.7565 0.0011 0.0009 0.0009  2 08:128:57723 11:070:20783
21701S004                                  -.00045       0.00593       -.00767 .00010 .00008 .00009
21701S004 KASHIMA          VLBI 1857 -3997649.6140  3276690.1707  3724278.6309 0.0022 0.0019 0.0020  3 11:070:20783 13:298:61820
21701S004                                  -.00045       0.00593       -.00767 .00010 .00008 .00009
21701S004 KASHIMA          VLBI 1857 -3997649.6225  3276690.1803  3724278.6451 0.0021 0.0018 0.0020  4 13:298:61820 00:000:00000
21701S004                                  -.00045       0.00593       -.00767 .00010 .00008 .00009
21701S006 KASHIMA          VLBI 7334 -3997505.6745  3276878.4818  3724240.6191 0.0028 0.0025 0.0025  1 00:000:00000 08:128:57723
21701S006                                  -.00045       0.00593       -.00767 .00010 .00008 .00009
21701S006 KASHIMA          VLBI 7334 -3997506.0288  3276877.8314  3724240.5006 0.0017 0.0015 0.0015  3 11:070:20783 13:298:61820
21701S006                                  -.00045       0.00593       -.00767 .00010 .00008 .00009
21701S006 KASHIMA          VLBI 7334 -3997506.0460  3276877.8374  3724240.5060 0.0113 0.0098 0.0098  4 13:298:61820 00:000:00000
21701S006                                  -.00045       0.00593       -.00767 .00010 .00008 .00009
21702S009 MIZUSAWA         VLBI 7314 -3862411.8538  3105015.1630  4001944.8085 0.0398 0.0324 0.0364
21702S009                                  0.00349       0.00732       -.00544 .00114 .00097 .00109
21702S010 MIZUSAWA         VLBI 7324 -3857236.0589  3108803.3242  4003883.0118 0.0183 0.0156 0.0177  1 00:000:00000 02:307:13062
21702S010                                  0.00349       0.00732       -.00544 .00114 .00097 .00109
21702S010 MIZUSAWA         VLBI 7324 -3857236.0691  3108803.3079  4003883.0511 0.0122 0.0105 0.0123  3 03:146:33873 05:228:09988
21702S010                                  0.00349       0.00732       -.00544 .00114 .00097 .00109
21702S010 MIZUSAWA         VLBI 7324 -3857236.0804  3108803.3073  4003883.0303 0.0097 0.0083 0.0104  4 05:228:09988 00:000:00000
21702S010                                  0.00349       0.00732       -.00544 .00114 .00097 .00109
21702S012 MIZUSAWA         VLBI 7362 -3857241.8181  3108784.8656  4003900.5458 0.0205 0.0177 0.0196  1 00:000:00000 03:146:33873
21702S012                                  0.00349       0.00732       -.00544 .00114 .00097 .00109
21702S012 MIZUSAWA         VLBI 7362 -3857241.8259  3108784.8962  4003900.5672 0.0071 0.0061 0.0069  2 03:146:33873 05:228:09988
21702S012                                  0.00349       0.00732       -.00544 .00114 .00097 .00109
21702S012 MIZUSAWA         VLBI 7362 -3857241.8310  3108784.8970  4003900.5605 0.0037 0.0031 0.0034  3 05:228:09988 08:165:85425
21702S012                                  0.00349       0.00732       -.00544 .00114 .00097 .00109
21702S012 MIZUSAWA         VLBI 7362 -3857241.7511  3108784.9482  4003900.5350 0.0073 0.0063 0.0065  4 08:165:85425 08:205:55580
21702S012                                  0.00349       0.00732       -.00544 .00114 .00097 .00109
21702S012 MIZUSAWA         VLBI 7362 -3857241.7654  3108784.9710  4003900.5460 0.0018 0.0015 0.0016  5 08:205:55580 11:068:09920
21702S012                                  0.00349       0.00732       -.00544 .00114 .00097 .00109
21702S012 MIZUSAWA         VLBI 7362 -3857243.6564  3108783.6878  4003899.5834 0.0123 0.0105 0.0116  7 11:070:20783 12:169:73941
21702S012                                  -.05767       -.01553       -.02692 .00570 .00489 .00540
21702S012 MIZUSAWA         VLBI 7362 -3857243.6374  3108783.6657  4003899.5681 0.0195 0.0168 0.0188  8 12:169:73941 00:000:00000
21702S012                                  -.05767       -.01553       -.02692 .00570 .00489 .00540
21704S004 KOGANEI          VLBI 7327 -3941937.3300  3368150.9097  3702235.2462 0.0445 0.0397 0.0264  1 00:000:00000 03:268:71406
21704S004                                  0.01011       0.00002       -.00502 .00428 .00390 .00251
21704S004 KOGANEI          VLBI 7327 -3941937.5598  3368150.7224  3702235.2980 0.0079 0.0068 0.0070  5 11:070:20783 00:000:00000
21704S004                                  -.01158       0.01041       0.00126 .00263 .00227 .00234
21710S001 Uchinoura        VLBI 7349 -3586229.3656  4114103.7123  3290224.6802 0.0071 0.0078 0.0062  1 00:000:00000 11:070:20783
21710S001                                  -.02516       -.01594       -.01839 .00460 .00496 .00396
21710S001 Uchinoura        VLBI 7349 -3586229.3838  4114103.7195  3290224.6902 0.0102 0.0111 0.0089  2 11:070:20783 00:000:00000
21710S001                                  -.02516       -.01594       -.01839 .00460 .00496 .00396
21725S001 NOBEYAMA         VLBI 7244 -3871169.1976  3428275.0687  3723698.4007 0.4372 0.3836 0.3866
21725S001                                  -.04801       0.05733       0.03818 .02255 .01979 .02002
21729S001 USUDA            VLBI 7246 -3855355.4141  3427427.5565  3740971.1599 0.0179 0.0163 0.0158  1 00:000:00000 11:070:20783
21729S001                                  -.00871       0.00072       0.00034 .00824 .00750 .00737
21729S001 USUDA            VLBI 7246 -3855355.5044  3427427.3598  3740971.1680 0.0395 0.0356 0.0349  2 11:070:20783 00:000:00000
21729S001                                  -.00871       0.00072       0.00034 .00824 .00750 .00737
21730S007 Tsukuba          VLBI 7345 -3957408.8043  3310229.4700  3737494.7456 0.0011 0.0009 0.0010  2 94:277:48178 04:249:53839
21730S007                                  -.00231       0.00619       -.00603 .00010 .00009 .00010
21730S007 Tsukuba          VLBI 7345 -3957408.8027  3310229.4731  3737494.7448 0.0010 0.0008 0.0009  3 04:249:53839 05:292:42283
21730S007                                  -.00231       0.00619       -.00604 .00010 .00009 .00010
21730S007 Tsukuba          VLBI 7345 -3957408.8039  3310229.4698  3737494.7490 0.0009 0.0008 0.0007  4 05:292:42283 08:128:60320
21730S007                                  -.00231       0.00619       -.00604 .00010 .00009 .00010
21730S007 Tsukuba          VLBI 7345 -3957408.8038  3310229.4687  3737494.7480 0.0008 0.0007 0.0007  5 08:128:60320 11:070:20783
21730S007                                  -.00231       0.00619       -.00604 .00010 .00009 .00010
21730S007 Tsukuba          VLBI 7345 -3957409.1157  3310228.9569  3737494.7276 0.0009 0.0007 0.0007  6 11:070:20783 00:000:00000
21730S007                                  -.00231       0.00619       -.00604 .00010 .00009 .00010
21730S008 Tsukuba          VLBI 7360 -3957184.5079  3310224.8683  3737709.0575 0.0140 0.0126 0.0119
21730S008                                  -.00231       0.00619       -.00604 .00010 .00009 .00010
21731S003 SHINTOTSUKAWA    VLBI 7346 -3642142.2166  2861496.6946  4370361.7281 0.0150 0.0124 0.0165  1 00:000:00000 03:268:71406
21731S003                                  -.01010       0.00054       -.00895 .00153 .00128 .00170
21731S003 SHINTOTSUKAWA    VLBI 7346 -3642142.3173  2861496.6497  4370361.6801 0.0089 0.0074 0.0098  2 03:268:71406 06:319:40458
21731S003                                  -.01010       0.00054       -.00895 .00153 .00128 .00170
21731S003 SHINTOTSUKAWA    VLBI 7346 -3642142.3234  2861496.6367  4370361.6792 0.0065 0.0053 0.0070  3 06:319:40458 11:070:20783
21731S003                                  -.01010       0.00054       -.00895 .00153 .00128 .00170
21731S003 SHINTOTSUKAWA    VLBI 7346 -3642142.3597  2861496.6188  4370361.6522 0.0105 0.0086 0.0115  4 11:070:20783 00:000:00000
21731S003                                  -.01010       0.00054       -.00895 .00153 .00128 .00170
21732S004 CHICHIJIMA/OG  VLBI 7347 -4490618.1595  3483908.4952  2884899.2574 0.0015 0.0012 0.0011  1 00:000:00000 10:355:62381
21732S004                                  0.02492       0.02350       0.00784 .00032 .00025 .00032
21732S004 CHICHIJIMA/OG  VLBI 7347 -4490618.1624  3483908.5003  2884899.2535 0.0022 0.0019 0.0017  2 10:355:62381 00:000:00000
21732S004                                  0.02492       0.02350       0.00784 .00032 .00025 .00032
21733S002 MINAMITORISIM  VLBI 7310 -5227445.9063  2551380.4370  2607605.3153 0.1075 0.0624 0.0675
21733S002                                  0.04313       0.05814       0.02490 .00611 .00357 .00389
21736S002 ISHIGAKISHIMA   VLBI 7365 -3263994.9723  4808056.3631  2619949.0355 0.0023 0.0030 0.0018  1 00:000:00000 11:070:20783
21736S002                                  -.04893       0.00564       -.04549 .00102 .00137 .00084
21736S002 ISHIGAKISHIMA   VLBI 7365 -3263994.9641  4808056.3441  2619949.0216 0.0047 0.0063 0.0038  2 11:070:20783 00:000:00000
21736S002                                  -.04893       0.00564       -.04549 .00102 .00137 .00084
21738S001 DAITO            VLBI 7326 -3786460.6886  4320156.0013  2762038.8682 5.3510 5.3513 5.3509
21738S001                                  -.00005       -.00017       -.00006 .29593 .29593 .29593
21739S001 MIURA            VLBI 7336 -3976129.6347  3377927.8962  3656753.8505 0.0473 0.0340 0.0315  1 00:000:00000 00:183:00000
21739S001                                  0.02807       0.00011       -.00188 .00459 .00332 .00307
21740S001 TATEYAMA         VLBI 7338 -4000982.9832  3375275.9565  3632213.1733 0.0763 0.0607 0.0743  1 00:000:00000 00:183:00000
21740S001                                  0.03784       -.00161       -.00552 .00758 .00606 .00745
21742S002 AIRA             VLBI 7348 -3530219.6424  4118797.4973  3344015.6372 0.0012 0.0012 0.0010  1 00:000:00000 11:070:20783
21742S002                                  -.02484       -.00638       -.01566 .00028 .00035 .00025
21742S002 AIRA             VLBI 7348 -3530219.6435  4118797.4762  3344015.6386 0.0016 0.0018 0.0014  2 11:070:20783 00:000:00000
21742S002                                  -.02484       -.00638       -.01566 .00028 .00035 .00025
21747S001 GIFU             VLBI 7354 -3787518.4061  3564247.1689  3679797.0645 0.0182 0.0169 0.0177
21747S001                                  -.01737       0.00306       -.01310 .00167 .00153 .00154
21747S002 GIFU             VLBI 7361 -3787123.5242  3564181.7205  3680274.9202 0.0101 0.0093 0.0093
21747S002                                  -.01737       0.00306       -.01310 .00167 .00153 .00154
21750S001 Tomakomai        VLBI 9001 -3680586.4753  2917515.8920  4300987.7336 0.1712 0.1428 0.1927
21750S001                                  -.01968       0.01444       0.00346 .02614 .02179 .02944
23907S001 SejongObservat  VLBI 7368 -3110079.8387  4082066.6788  3775076.7807 0.0862 0.1061 0.0918
23907S001                                  -.04447       -.00612       0.00178 .01764 .02163 .01877
30302S001 Hartebeesthoek   VLBI 7232  5085442.7635  2668263.7307 -2768696.7979 0.0009 0.0007 0.0009
30302S001                                  -.00113       0.01935       0.01626 .00007 .00005 .00006
30302S009 Hartebeesthoek   VLBI 7378  5085490.8006  2668161.4281 -2768692.6691 0.0010 0.0008 0.0009
30302S009                                  -.00113       0.01935       0.01626 .00007 .00005 .00006
31906M001 PontaDelgada(  VLBI 7609  4552174.5148 -2186664.4816  3882779.9314 0.0020 0.0014 0.0016
31906M001                                  -.00505       0.01597       0.01161 .00007 .00007 .00007
40101M003 STJOHN'S        VLBI 7625  2612545.4652 -3426878.7766  4686756.1976 0.0012 0.0014 0.0017
40101M003                                  -.01781       -.00118       0.00855 .00007 .00007 .00007
40104S001 Algonquin        VLBI 7282   918034.5347 -4346132.3148  4561971.2153 0.0007 0.0008 0.0007
40104S001                                  -.01610       -.00385       0.00418 .00004 .00005 .00005
40105M001 Penticton        VLBI 7283 -2058840.7037 -3621286.4538  4814420.6584 0.0017 0.0019 0.0020
40105M001                                  -.01555       -.00076       -.00616 .00007 .00007 .00007
40118M001 Whitehorse       VLBI 7284 -2215212.9395 -2209260.5523  5540290.6617 0.2377 0.2244 0.5375  1 00:000:00000 87:335:00000
40118M001                                  0.02450       0.04500       -.07983 .01013 .00957 .02294
40118M001 Whitehorse       VLBI 7284 -2215213.0602 -2209260.6633  5540290.8263 0.2117 0.2000 0.4788  2 87:335:00000 00:000:00000
40118M001                                  0.02450       0.04500       -.07983 .01013 .00957 .02294
40127M001 Yellowknife      VLBI 7285 -1224124.9177 -2689530.7526  5633555.3670 0.0024 0.0030 0.0036
40127M001                                  -.02085       -.00472       0.00061 .00006 .00006 .00007
40127M004 Yellowknife      VLBI 7296 -1224399.8384 -2689273.3178  5633620.2712 0.0009 0.0010 0.0014
40127M004                                  -.02085       -.00472       0.00061 .00006 .00006 .00007
40129M001 VICTORIA/SIDNEY  VLBI 7289 -2341311.3099 -3539083.2756  4745768.2878 5.6990 5.7323 5.7385
40129M001                                  -.06395       0.03043       -.00268 .29358 .29530 .29562
40171S001 ShirleysBay    VLBI 7626  1091444.5571 -4351283.5297  4518707.0608 0.1388 0.3623 0.3602
40171S001                                  -.00316       -.00445       0.00956 .01868 .04877 .04848
40400M003 Pasadena-JPL   VLBI 7263 -2493306.5687 -4655197.0826  3565519.5261 0.0273 0.0384 0.0346
40400M003                                  -.02964       0.02405       0.00829 .00116 .00162 .00147
40403M001 PALOSVERDES     VLBI 7268 -2525453.3215 -4670034.9655  3522886.9674 0.0865 0.1537 0.1164
40403M001                                  -.02715       0.03298       0.00895 .00405 .00720 .00545
40404M001 PEARBLOSSOM      VLBI 7254 -2464071.1509 -4649425.0244  3593905.7637 0.2393 0.4442 0.3338
40404M001                                  -.01407       0.02792       0.00261 .01048 .01946 .01463
40405S009 GOLDSTONE        VLBI 7222 -2356171.2498 -4646755.7636  3668470.5465 0.0025 0.0041 0.0038  1 00:000:00000 92:179:00000
40405S009                                  -.01523       0.00606       -.00311 .00013 .00021 .00020
40405S009 GOLDSTONE        VLBI 7222 -2356171.2651 -4646755.7621  3668470.5355 0.0027 0.0044 0.0041  2 92:179:00000 00:000:00000
40405S009                                  -.01523       0.00606       -.00311 .00013 .00021 .00020
40405S014 GOLDSTONE        VLBI 1513 -2351129.3939 -4655476.9639  3660956.8585 0.0031 0.0051 0.0047
40405S014                                  -.01523       0.00606       -.00311 .00013 .00021 .00020
40405S019 GOLDSTONE        VLBI 1515 -2353539.0161 -4641649.3949  3676669.9459 0.0037 0.0063 0.0059
40405S019                                  -.01523       0.00606       -.00312 .00013 .00021 .00020
40405S019 GOLDSTONE        VLBI 1515 -2353539.0340 -4641649.3913  3676669.9282 0.0019 0.0030 0.0027  2 92:179:00000 99:289:35204
40405S019                                  -.01523       0.00606       -.00312 .00013 .00021 .00020
40405S019 GOLDSTONE        VLBI 1515 -2353539.0512 -4641649.3931  3676669.9235 0.0014 0.0020 0.0017  3 99:289:35204 00:000:00000
40405S019                                  -.01523       0.00606       -.00312 .00013 .00021 .00020
40405S039 GOLDSTONE        VLBI 1516 -2351112.7831 -4655530.6077  3660912.6935 0.0015 0.0020 0.0018
40405S039                                  -.01523       0.00606       -.00312 .00013 .00021 .00020
40406M001 SanFrancisco(  VLBI 7252 -2707705.2149 -4257608.9929  3888374.2229 0.0760 0.1179 0.1050  1 00:000:00000 89:274:00000
40406M001                                  -.01912       0.02801       0.00225 .00341 .00530 .00473
40406M001 SanFrancisco(  VLBI 7252 -2707705.2088 -4257608.9902  3888374.2174 0.0663 0.1029 0.0921  2 89:274:00000 00:000:00000
40406M001                                  -.01912       0.02801       0.00225 .00341 .00530 .00473
40407M001 PINYONFLATS     VLBI 7256 -2369636.4016 -4761324.5863  3511116.2870 0.0244 0.0354 0.0303
40407M001                                  -.02421       0.01524       0.00654 .00107 .00155 .00133
40408S002 FAIRBANKS        VLBI 7225 -2281547.5813 -1453645.1275  5756993.0549 0.0007 0.0006 0.0009  1 00:000:00000 02:307:79961
40408S002                                  -.02149       -.00361       -.00761 .00004 .00004 .00006
40408S002 FAIRBANKS        VLBI 7225 -2281547.6128 -1453645.1707  5756993.0381 0.0007 0.0006 0.0008  2 02:307:79961 00:000:00000
40408S002                                  -.02149       -.00361       -.00761 .00005 .00004 .00006
40410M001 POINTREYES      VLBI 7251 -2732333.6718 -4217634.4769  3914491.6316 0.0538 0.0801 0.0761
40410M001                                  -.02930       0.01926       0.02671 .00256 .00381 .00362
40412M003 AUSTIN           VLBI 7271  -737793.7348 -5459892.2778  3202990.4955 6.6505 6.6506 6.6506
40412M003                                  -.00014       -.00010       0.00000 .29593 .29593 .29593
40416M001 Yakataga         VLBI 7277 -2529744.5812 -1942090.8772  5505028.5641 0.1164 0.0921 0.2414  1 00:000:00000 87:335:00000
40416M001                                  -.01920       0.02015       0.02667 .00504 .00398 .01047
40416M001 Yakataga         VLBI 7277 -2529744.6185 -1942090.8322  5505028.4466 0.1044 0.0824 0.2165  2 87:335:00000 00:000:00000
40416M001                                  -.01920       0.02015       0.02667 .00504 .00398 .01047
40419M001 Kodiak           VLBI 7278 -3026940.5851 -1575911.7074  5370362.4709 0.0849 0.0489 0.1430
40419M001                                  -.02149       0.00441       -.00101 .00399 .00230 .00672
40420M002 VANDENBERGAFB   VLBI 7223 -2678095.3527 -4525450.2029  3597410.6372 0.0073 0.0101 0.0089
40420M002                                  -.03099       0.02884       0.02245 .00036 .00050 .00044
40421M001 Nome             VLBI 7279 -2658150.9245  -693822.0730  5737236.4928 0.0757 0.0332 0.1474
40421M001                                  -.02490       -.00742       -.00565 .00346 .00152 .00666
40423M001 Sandpoint        VLBI 7280 -3425462.1610 -1214669.0008  5223857.8489 0.1033 0.0609 0.1585
40423M001                                  -.01435       0.00661       -.01878 .00496 .00295 .00762
40424S001 Kauai            VLBI 1311 -5543846.1791 -2054562.8252  2387814.5302 0.0011 0.0008 0.0008
40424S001                                  -.00930       0.06292       0.03229 .00005 .00004 .00004
40424S007 Kauai            VLBI 7298 -5543837.7433 -2054567.0405  2387852.3598 0.0009 0.0007 0.0006
40424S007                                  -.00930       0.06292       0.03229 .00005 .00004 .00004
40425M001 Sourdough        VLBI 7281 -2419993.9324 -1664228.7311  5643537.8846 0.1018 0.0737 0.2315  1 00:000:00000 87:335:00000
40425M001                                  -.02308       0.00087       -.01703 .00426 .00308 .00971
40425M001 Sourdough        VLBI 7281 -2419993.9263 -1664228.7449  5643537.9187 0.0891 0.0645 0.2026  2 87:335:00000 00:000:00000
40425M001                                  -.02308       0.00087       -.01703 .00426 .00308 .00971
40427M001 FortOrd         VLBI 7266 -2697027.2089 -4354392.3563  3788077.8563 0.1175 0.1867 0.1590
40427M001                                  -.02373       0.04334       0.01174 .00537 .00852 .00727
40427M002 FortOrd         VLBI 7241 -2699840.7177 -4359126.1642  3781051.2326 0.1119 0.1776 0.1515  1 00:000:00000 89:274:00000
40427M002                                  -.02373       0.04334       0.01174 .00537 .00852 .00727
40427M002 FortOrd         VLBI 7241 -2699840.7044 -4359126.1619  3781051.2879 0.1065 0.1688 0.1443  2 89:274:00000 00:000:00000
40427M002                                  -.02373       0.04334       0.01174 .00537 .00852 .00727
40428M001 SANTAPAULAI    VLBI 7255 -2554477.4058 -4608627.0866  3582138.7572 0.0934 0.1660 0.1267
40428M001                                  -.03732       0.01313       0.02123 .00436 .00778 .00594
40430M001 BLACKBUTTE      VLBI 7269 -2306307.2932 -4787914.3473  3515736.2383 0.0942 0.1856 0.1328
40430M001                                  -.01852       0.00459       -.00892 .00412 .00811 .00581
40431M001 DEADMANLAKE     VLBI 7267 -2336820.8868 -4732588.6253  3570331.4886 0.2262 0.3951 0.3173
40431M001                                  -.05885       -.07463       0.06734 .01005 .01753 .01405
40432M001 ELY              VLBI 7286 -2077236.6003 -4486712.5886  4018753.4742 0.0584 0.1234 0.1018
40432M001                                  -.01633       0.00618       -.01291 .00269 .00570 .00469
40433M004 QUINCY           VLBI 7221 -2517231.2544 -4198595.0295  4076531.1286 0.0447 0.0724 0.0685
40433M004                                  -.01968       0.00934       -.00708 .00203 .00329 .00312
40437M001 MAMMOTHLAKES    VLBI 7259 -2448247.0130 -4426737.7366  3875435.5128 0.2544 0.4512 0.3773
40437M001                                  -.01497       0.02555       -.01623 .01057 .01874 .01564
40439S002 OWENSVALLEY     VLBI 7207 -2409601.0914 -4478349.4299  3838603.1622 0.0013 0.0020 0.0018
40439S002                                  -.01839       0.00650       -.00329 .00004 .00005 .00004
40439S006 OWENSVALLEY     VLBI 7616 -2409150.3463 -4478573.1367  3838617.3469 0.0007 0.0008 0.0006
40439S006                                  -.01839       0.00650       -.00329 .00004 .00005 .00004
40440S002 WESTFORD         VLBI 7205  1492404.5274 -4457266.5326  4296881.8189 0.0007 0.0008 0.0007
40440S002                                  -.01559       -.00129       0.00409 .00004 .00004 .00004
40440S003 WESTFORD         VLBI 7209  1492206.3859 -4458130.5272  4296015.5872 0.0007 0.0008 0.0006
40440S003                                  -.01559       -.00129       0.00409 .00004 .00004 .00004
40441S001 Greenbank        VLBI 7204   882879.7005 -4924482.3206  3944130.7153 0.0013 0.0033 0.0026
40441S001                                  -.01440       -.00114       0.00278 .00007 .00016 .00013
40441S004 Greenbank        VLBI 7214   882325.3842 -4925138.0035  3943397.7112 0.0014 0.0036 0.0029  1 00:000:00000 90:335:00000
40441S004                                  -.01440       -.00114       0.00278 .00007 .00016 .00013
40441S004 Greenbank        VLBI 7214   882325.3746 -4925138.0062  3943397.7150 0.0011 0.0026 0.0021  2 90:335:00000 00:000:00000
40441S004                                  -.01440       -.00114       0.00278 .00007 .00016 .00013
40441S005 Greenbank        VLBI 7248   883555.3615 -4924490.8997  3943961.9935 0.0018 0.0056 0.0042
40441S005                                  -.01440       -.00114       0.00278 .00007 .00016 .00013
40441S007 Greenbank        VLBI 7208   883772.5603 -4924385.6024  3944042.5238 0.0010 0.0021 0.0017
40441S007                                  -.01440       -.00114       0.00278 .00007 .00016 .00013
40442S003 FORTDAVIS       VLBI 7216 -1324211.1611 -5332023.1322  3232118.2941 0.0008 0.0014 0.0010
40442S003                                  -.01263       0.00037       -.00452 .00004 .00005 .00004
40442S017 FORTDAVIS       VLBI 7613 -1324009.2884 -5332181.9526  3231962.4057 0.0007 0.0008 0.0006
40442S017                                  -.01263       0.00037       -.00452 .00004 .00005 .00004
40445M002 MAUII           VLBI 7120 -5466007.3171 -2404404.8256  2242219.0774 5.6700 4.0160 4.4125
40445M002                                  -.41195       0.17414       -.43766 .26392 .18695 .20538
40449M001 OCOTILLO         VLBI 7270 -2335601.0202 -4832244.2809  3434392.5858 7.3461 7.3461 7.3461
40449M001                                  -.00012       -.00010       -.00002 .29593 .29593 .29593
40451M102 Washington       VLBI 7102  1130686.3117 -4831353.0369  3994110.9525 0.0038 0.0112 0.0093
40451M102                                  -.01502       -.00107       0.00230 .00019 .00056 .00047
40451M125 Washington       VLBI 7108  1130794.5644 -4831233.8086  3994217.0609 0.0028 0.0081 0.0068  1 00:000:00000 03:001:00000
40451M125                                  -.01502       -.00107       0.00230 .00019 .00056 .00047
40451M125 Washington       VLBI 7108  1130794.3290 -4831232.8675  3994216.2404 0.0025 0.0074 0.0056  2 03:001:00000 00:000:00000
40451M125                                  -.01502       -.00107       0.00230 .00019 .00056 .00047
40452M001 BLOOMINGTON      VLBI 7291   302384.5285 -4941699.0647  4007908.4766 6.6191 6.6196 6.6196
40452M001                                  -.00015       -.00011       0.00000 .29593 .29593 .29593
40453M001 Carrollton       VLBI 7228   453520.6905 -5300506.7691  3507207.4333 6.6449 6.6451 6.6450
40453M001                                  -.00015       -.00011       0.00000 .29593 .29593 .29593
40454M001 LEONARD          VLBI 7292  -522231.5135 -5145676.8812  3720152.3610 6.6149 6.6150 6.6149
40454M001                                  -.00014       -.00010       -.00001 .29593 .29593 .29593
40455M001 MilesCity       VLBI 7038 -1204438.9413 -4239211.0954  4596266.0597 6.4244 6.4245 6.4245
40455M001                                  -.00014       -.00011       -.00002 .29593 .29593 .29593
40456S001 Pietown          VLBI 7234 -1640953.8950 -5014816.0399  3575411.8015 0.0010 0.0014 0.0012  1 00:000:00000 97:245:00000
40456S001                                  -.01450       -.00150       -.00558 .00006 .00009 .00008
40456S001 Pietown          VLBI 7234 -1640953.9164 -5014816.0339  3575411.7721 0.0012 0.0022 0.0017  2 97:245:00000 01:200:00000
40456S001                                  -.01617       -.00150       -.00768 .00010 .00020 .00016
40456S001 Pietown          VLBI 7234 -1640953.8958 -5014816.0220  3575411.8046 0.0007 0.0008 0.0006  3 01:200:00000 00:000:00000
40456S001                                  -.01376       0.00022       -.00441 .00004 .00006 .00005
40457M001 Seattle          VLBI 7229 -2295348.1183 -3638029.1623  4693407.9659 0.3000 2.4124 2.3927
40457M001                                  -.00931       0.01457       -.03444 .01532 .12434 .12329
40463S001 LosAlamosNM   VLBI 7611 -1449752.5412 -4975298.5755  3709123.8581 0.0007 0.0008 0.0006
40463S001                                  -.01422       0.00041       -.00467 .00004 .00005 .00004
40465S001 NORTHLIBERTY    VLBI 7612  -130872.4537 -4762317.0962  4226851.0067 0.0007 0.0008 0.0007
40465S001                                  -.01538       0.00127       -.00205 .00004 .00005 .00004
40466S001 KITTPEAK        VLBI 7610 -1995678.7993 -5037317.6972  3357328.0419 0.0007 0.0008 0.0006
40466S001                                  -.01358       0.00063       -.00611 .00004 .00005 .00004
40471S001 HANCOCK          VLBI 7618  1446374.9105 -4447939.6711  4322306.1698 0.0007 0.0008 0.0007
40471S001                                  -.01565       -.00158       0.00429 .00004 .00005 .00005
40473S001 BREWSTER         VLBI 7614 -2112065.1638 -3705356.5082  4726813.6989 0.0007 0.0007 0.0007
40473S001                                  -.01465       0.00038       -.00722 .00004 .00004 .00004
40477S001 MaunaKea        VLBI 7617 -5464075.1402 -2495248.3031  2148297.2654 0.0010 0.0008 0.0007  1 00:000:00000 06:193:00000
40477S001                                  -.01417       0.06245       0.03247 .00006 .00005 .00004
40477S001 MaunaKea        VLBI 7617 -5464075.1383 -2495248.2929  2148297.2652 0.0010 0.0008 0.0006  2 06:193:00000 00:000:00000
40477S001                                  -.01417       0.06246       0.03247 .00006 .00005 .00004
40489S001 HATCREEK        VLBI 7218 -2523970.2761 -4123506.2228  4147752.4516 0.0128 0.0200 0.0198
40489S001                                  -.01861       0.00666       -.00655 .00059 .00093 .00092
40490S001 MARYLANDPOINT   VLBI 7217  1106629.0982 -4882907.1569  3938086.9633 0.0158 0.0496 0.0417
40490S001                                  -.01536       0.00107       0.00079 .00070 .00219 .00185
40491M003 FLAGSTAFF        VLBI 7261 -1923992.9953 -4850854.6970  3658589.2555 0.0609 0.1458 0.1115
40491M003                                  -.01773       -.00734       -.00264 .00274 .00660 .00501
40492M002 VERNAL           VLBI 7290 -1631473.5974 -4589129.1394  4106759.9092 0.0568 0.1426 0.1248
40492M002                                  -.01686       -.01040       0.00157 .00268 .00672 .00587
40493M001 YUMA             VLBI 7894 -2196778.2236 -4887337.2341  3448425.2195 0.0677 0.1466 0.1041
40493M001                                  -.01699       -.00767       -.00116 .00299 .00647 .00460
40496M002 PLATTEVILLE      VLBI 7258 -1240708.4266 -4720454.3830  4094481.5161 0.0288 0.0832 0.0697
40496M002                                  -.01633       -.00085       -.00687 .00130 .00380 .00317
40497M003 MonumentPeak    VLBI 7274 -2386290.0725 -4802345.9401  3444884.1894 0.0424 0.0855 0.0615
40497M003                                  -.03352       0.02950       0.00967 .00175 .00355 .00256
40498S002 VLA              VLBI 7621 -1601147.7291 -5041733.5041  3555235.7666 4.1114 4.1114 4.1114
40498S002                                  -.00013       -.00010       -.00002 .29593 .29593 .29593
40499S001 Richmond-Perr  VLBI 7219   961257.9277 -5674090.0493  2740533.8422 0.0014 0.0029 0.0019
40499S001                                  -.00964       -.00031       0.00301 .00007 .00015 .00009
40499S019 Richmond-Perr  VLBI 7201   961255.2061 -5674092.5983  2740533.8322 0.0014 0.0034 0.0020
40499S019                                  -.00964       -.00031       0.00301 .00007 .00015 .00009
41602S001 Forteleza        VLBI 7297  4985370.0083 -3955020.3750  -428472.1230 0.0008 0.0008 0.0007
41602S001                                  -.00236       -.00377       0.01244 .00005 .00005 .00004
41705S006 Santiago         VLBI 1404  1769693.4097 -5044504.6276 -3468434.8068 0.0090 0.0168 0.0128
41705S006                                  0.02283       -.00688       0.01193 .00059 .00110 .00084
41709S001 Sest             VLBI 7239  1838235.8161 -5258697.7863 -3100593.3915 3.1933 4.6053 3.3617
41709S001                                  -.10657       0.07565       -.23243 .16265 .23451 .17099
41719S001 Concepcion       VLBI 7640  1492054.4191 -4887961.0112 -3803541.2396 0.0013 0.0018 0.0016  1 00:000:00000 10:058:23656
41719S001                                  0.03566       -.00130       0.01721 .00009 .00017 .00015
41719S001 Concepcion       VLBI 7640  1492051.4391 -4887961.4705 -3803541.7533 0.0010 0.0018 0.0016  3 10:064:42427 11:043:04621
41719S001                                  0.03108       0.00552       0.02275 .00036 .00076 .00061
41719S001 Concepcion       VLBI 7640  1492051.4153 -4887961.4862 -3803541.7369 0.0012 0.0022 0.0019  4 11:043:04621 00:000:00000
41719S001                                  0.03108       0.00552       0.02275 .00036 .00076 .00061
42501M002 Bermuda          VLBI 7294  2307212.7610 -4874213.6263  3394319.7002 6.5552 6.6161 6.5703
42501M002                                  0.14355       0.09879       0.08095 .29264 .29537 .29330
43201S001 SAINTECROIX     VLBI 7615  2607848.6138 -5488069.5627  1932739.6963 0.0008 0.0009 0.0007
43201S001                                  0.00726       0.00944       0.01244 .00004 .00006 .00004
50103S001 Tidbinbilla      VLBI 1543 -4460895.1285  2682361.5136 -3674747.7086 0.0090 0.0092 0.0147
50103S001                                  -.03622       0.00036       0.04566 .00009 .00008 .00009
50103S010 Tidbinbilla      VLBI 1545 -4460935.8708  2682765.7087 -3674380.5965 0.0015 0.0012 0.0015
50103S010                                  -.03622       0.00036       0.04566 .00009 .00008 .00009
50107S012 Yarragadee       VLBI 7376 -2388895.9787  5043349.9506 -3078590.9970 0.0016 0.0023 0.0018
50107S012                                  -.05003       0.01204       0.04748 .00035 .00053 .00039
50108S001 Parkes           VLBI 7202 -4554232.4356  2816758.9076 -3454035.1996 0.0087 0.0055 0.0066
50108S001                                  -.03516       -.00242       0.04749 .00091 .00059 .00070
50116S002 Hobart           VLBI 7242 -3950237.2399  2522347.6548 -4311562.0015 0.0008 0.0007 0.0009
50116S002                                  -.03862       0.00781       0.04118 .00006 .00005 .00006
50116S007 Hobart           VLBI 7374 -3949990.6685  2522421.1832 -4311708.1551 0.0009 0.0008 0.0010
50116S007                                  -.03862       0.00781       0.04118 .00006 .00005 .00006
50243S001 Warkworth        VLBI 7377 -5115324.3531   477843.3011 -3767192.9316 0.0035 0.0019 0.0029
50243S001                                  -.02371       -.00200       0.03269 .00079 .00041 .00066
50505S003 KWAJALEINATOLL  VLBI 4968 -6143536.0369  1363998.7114  1034707.9854 0.1441 0.0400 0.0572
50505S003                                  0.02115       0.07017       0.02554 .00613 .00169 .00248
59968S001 Katherine-Nor  VLBI 7375 -4147354.5358  4581542.4104 -1573303.3939 0.0014 0.0015 0.0011
59968S001                                  -.03630       -.00762       0.05803 .00031 .00033 .00021
66006S004 Syowa            VLBI 7342  1766194.1941  1460410.9154 -5932273.3430 0.0012 0.0011 0.0024
66006S004                                  0.00472       -.00124       0.00062 .00007 .00007 .00008
66008S001 O'higgins        VLBI 7245  1525833.2527 -2432463.6818 -5676174.4822 0.0010 0.0010 0.0016  1 00:000:00000 10:034:00000
66008S001                                  0.01804       -.00117       0.00097 .00006 .00006 .00008
66008S001 O'higgins        VLBI 7245  1525833.3177 -2432463.7886 -5676174.7397 0.0043 0.0055 0.0113  2 10:034:00000 00:000:00000
66008S001                                  0.01804       -.00117       0.00097 .00006 .00006 .00008
