#lon lat ve vn vu se sn su name
170.59720 -45.88370 -28.70295 -13.07499 -0.59719 0.14886 0.14553 0.17446 dund
170.51090 -45.86950 -28.47456 -12.88562 -0.15721 0.13240 0.15250 0.16175 ousd
174.83439 -36.60280 0.37553 -0.72500 0.01074 0.11895 0.12298 0.14734 auck
174.80590 -41.32348 -23.48236 -7.87472 -1.82290 0.14001 0.12463 0.14393 wgtn
174.66279 -36.43440 0.40417 -0.41258 -0.54949 0.16132 0.17538 0.22650 wark
172.65470 -43.70271 -31.79052 -10.77941 -1.72987 0.12836 0.13071 0.15502 mqzg
169.30825 -45.23100 -27.35418 -13.31345 -0.67798 0.14903 0.13612 0.18035 lexa
174.31460 -35.80380 0.35071 -0.40533 -0.35037 0.13391 0.13793 0.18291 whng
176.26090 -37.72880 1.22903 -1.23612 0.50230 0.16251 0.14780 0.17756 trng
174.11820 -39.18255 -1.30050 -1.20971 -1.18573 0.14775 0.14202 0.22000 nply
174.85410 -38.51300 -0.69751 -0.87186 -1.19664 0.14514 0.14450 0.18503 maho
173.27310 -35.06890 0.21312 -0.14152 -0.63141 0.15673 0.16071 0.21152 ktia
170.98431 -42.71290 -3.74981 -0.72986 -0.69112 0.12524 0.12744 0.15265 hoki
175.10920 -37.80680 -0.53666 -0.92555 -0.65760 0.13861 0.13804 0.17315 hamt
177.01389 -37.98169 3.77878 -12.48094 -0.61736 0.21091 0.18157 0.24194 whkt
174.78160 -41.29040 -21.79684 -6.85264 -2.38295 0.15587 0.14528 0.18045 wgtt
171.80621 -41.74472 -2.72839 -0.84524 -0.11236 0.14752 0.14086 0.17677 west
174.82142 -39.78689 -2.39491 -2.43787 -0.83492 0.20664 0.15711 0.17797 wang
170.92030 -44.65570 -30.05025 -12.98651 -0.51869 0.14562 0.14758 0.17243 waim
173.43371 -41.18350 -4.23435 -0.50387 -2.07309 0.20893 0.14434 0.19008 nlsn
175.58458 -41.06199 -26.19462 -10.86470 -3.34324 0.19180 0.19127 0.26236 mast
172.26631 -42.78339 -21.67621 -9.69840 1.79897 0.15610 0.15427 0.19004 lkta
173.53366 -42.42548 -28.17386 -10.35962 -0.93148 0.15591 0.16908 0.17502 kaik
178.30335 -37.56102 5.09229 -17.71897 0.49207 0.14953 0.14043 0.17817 hikb
168.78555 -44.07320 -12.83594 -4.67293 1.37059 0.15820 0.17490 0.16607 haas
170.62940 -45.81431 -29.33123 -12.29112 -0.94728 0.16347 0.15083 0.19003 dunt
175.74958 -36.86541 1.31154 -0.76805 -0.28889 0.14373 0.13856 0.17312 corm
183.43416 -43.95579 -33.19755 -0.57764 -0.70955 0.17004 0.16731 0.21838 chat
168.29209 -46.58508 -25.87617 -13.90778 -0.56635 0.14592 0.14182 0.16530 bluf
176.08100 -38.74271 3.51131 -5.39268 0.90368 0.18951 0.18928 0.26000 taup
174.76990 -36.84360 1.03643 -0.49806 -0.87892 0.33207 0.30200 0.79000 takl
169.81582 -43.53168 -8.03150 -2.52489 1.21992 0.14350 0.12630 0.19119 quar
175.25479 -41.56921 -32.63281 -9.68618 -3.80259 0.15515 0.15433 0.21446 pali
172.72220 -43.60580 -31.84000 -11.32836 -0.50999 0.20441 0.29248 0.20433 lytt
172.52956 -40.82660 -2.16748 -0.06470 -0.57355 0.15990 0.14879 0.18002 gldb
177.07635 -39.65789 -4.70186 -16.80933 0.87490 0.23535 0.18629 0.22673 ckid
183.38288 -43.73547 -33.89349 -0.79818 -0.91983 0.15924 0.16581 0.20700 chti
174.93290 -41.19640 -20.99825 -6.55602 -1.25307 0.20995 0.17988 0.22597 avln
173.98420 -41.56066 -12.88395 -3.30907 -1.64260 0.23322 0.17833 0.27000 with
177.23440 -39.07720 0.86735 -17.42509 -1.01587 0.22656 0.19716 0.23281 wahu
175.47046 -39.38458 -0.85846 -2.70491 0.06454 0.18691 0.16694 0.21779 vgmt
175.68790 -41.39800 -32.90899 -10.20054 -4.05281 0.15464 0.14914 0.19392 trav
174.28010 -41.19160 -12.35572 -2.52063 -1.09308 0.23350 0.22632 0.40000 tory
175.89050 -41.10660 -27.88671 -11.73931 -2.60319 0.15505 0.15933 0.20943 tema
176.49251 -39.16552 1.14032 -11.23927 0.03424 0.16509 0.17464 0.20016 ripa
176.55626 -37.84589 0.45462 -2.84766 2.36246 0.18896 0.16450 0.23465 rgop
176.72472 -37.91544 1.97751 -5.09695 2.61255 0.18601 0.23010 0.48000 rgmt
177.41540 -38.49556 1.83360 -16.11233 0.32334 0.20698 0.18753 0.23783 rawi
166.68071 -46.16619 -24.16248 -12.23009 2.74315 0.20781 0.21476 0.50000 pygr
178.25740 -38.07140 6.03703 -18.41429 1.30276 0.16092 0.14694 0.19013 puke
176.63520 -40.26640 -13.95226 -14.79587 -1.79429 0.38221 0.18561 0.25000 pora
176.86390 -40.03310 -8.95569 -16.58270 -1.23460 0.40211 0.21702 0.24000 pawa
170.51091 -45.86947 -28.65458 -12.40562 -0.54721 0.13653 0.13288 0.15623 ous2
177.30760 -38.04650 2.91022 -14.48026 -1.15727 0.20777 0.17369 0.22865 optk
174.06030 -41.01930 -7.90215 0.14682 -1.85330 0.36220 0.22256 0.23970 okoh
170.46493 -43.98570 -27.48808 -12.38787 0.00048 0.12564 0.12248 0.16181 mtjo
168.11820 -45.36651 -24.43324 -12.19547 0.12218 0.15913 0.14137 0.19080 mavl
177.90700 -39.15258 -2.55384 -20.06234 0.49423 0.46193 0.22491 0.22575 mahi
176.93670 -39.33230 -0.75413 -16.53387 -2.37553 0.21412 0.17010 0.22021 leyl
175.24060 -40.58880 -9.75958 -3.07108 0.00614 0.60133 0.23731 0.51000 levn
175.42405 -40.40930 -9.62365 -3.24747 -1.06410 0.60133 0.27259 0.65000 koro
177.66780 -39.01610 -1.01664 -21.10062 -1.03596 0.23375 0.16271 0.19209 koko
174.90980 -40.86090 -11.57358 -2.37821 -0.77351 0.36223 0.22404 0.28000 kapt
176.87630 -39.79380 -8.49290 -13.72902 -1.50492 0.24346 0.17129 0.20644 kahu
175.23810 -40.08030 -4.83904 -2.23469 -1.97454 0.44176 0.24583 0.28000 gnbk
177.88601 -38.63532 0.13788 -18.64056 -1.54647 0.29303 0.18603 0.22000 gisb
173.92160 -40.80180 -5.23375 -0.55370 -2.38359 0.26298 0.16193 0.19808 durv
176.16666 -40.29886 -14.61252 -10.04190 -1.98425 0.31264 0.21034 0.22000 dnvk
174.21380 -41.74900 -23.50573 -8.89953 -0.65235 0.17008 0.15930 0.20499 cmbl
176.24610 -40.67980 -25.46191 -10.66638 -3.38375 0.18732 0.16264 0.21775 birf
176.06317 -39.48918 -1.45518 -6.27888 0.21468 0.24223 0.22722 0.30000 bhst
174.77042 -36.84375 0.15682 -0.28766 -0.79892 0.17344 0.17292 0.21404 aukt
176.46120 -40.53980 -24.22471 -12.12641 -3.66393 0.18611 0.16152 0.20650 akto
176.44060 -40.06420 -10.74484 -11.15467 -2.67456 0.34242 0.20038 0.28000 wpuk
176.54300 -39.89589 -9.55883 -11.68190 -3.31478 0.35234 0.16626 0.28000 wpaw
178.40870 -37.82500 6.43712 -20.43877 0.39243 0.38245 0.19631 0.26114 wmat
169.88531 -43.58403 -14.40415 -3.83733 2.06998 0.17330 0.17593 0.32000 waka
175.34641 -39.28927 -0.76023 -2.45859 -0.26559 0.17214 0.16192 0.19770 vgpk
147.05569 -19.26928 0.22188 0.21865 -0.42572 0.13372 0.13682 0.14730 tow2
177.81142 -38.43749 1.26370 -18.36679 0.09326 0.24574 0.19197 0.26214 tkar
175.88569 -40.77601 -24.20137 -10.86760 -3.45362 0.20542 0.18055 0.23132 tint
175.78560 -39.68250 -2.48650 -4.91699 0.30494 0.29268 0.21228 0.27000 thap
178.00589 -38.16241 1.37466 -18.80710 3.50289 0.24236 0.17899 0.24864 tauw
177.34750 -38.77961 1.65364 -17.02076 -0.36627 0.23642 0.18259 0.24781 snst
176.51462 -38.33889 0.77471 -6.75834 -3.31687 0.16688 0.18136 0.28000 rgrr
176.77281 -38.05253 -0.13296 -11.09148 -1.39726 0.18512 0.20955 0.27000 rgkw
175.40432 -41.18691 -29.17425 -10.63526 -2.85308 0.17117 0.16565 0.25117 rdlv
177.67753 -37.96500 2.23420 -15.93556 0.30262 0.24538 0.18671 0.26679 raum
177.08608 -38.91619 2.27888 -16.11945 0.05391 0.19782 0.16858 0.24357 rahi
175.99928 -40.60108 -22.03490 -11.39679 -2.98385 0.26317 0.18532 0.27000 ptoi
177.69789 -38.81420 -0.17989 -17.58336 1.19377 0.41212 0.20801 0.25363 prtu
176.20048 -39.91679 -6.14242 -9.38932 -1.35475 0.52155 0.22051 0.55000 pnui
175.42692 -41.38152 -32.56874 -9.90108 -4.25283 0.15215 0.14657 0.19141 parw
177.88330 -38.92260 1.05060 -20.05748 -2.52608 0.63140 0.20527 0.24072 pari
174.95210 -41.02180 -16.66321 -5.21858 -1.01330 0.21386 0.15075 0.22000 paek
175.76132 -40.38542 -12.46149 -7.98734 -0.98413 0.69117 0.21116 0.68000 nrrd
176.80661 -39.09702 1.84989 -14.96220 0.23415 0.20227 0.18752 0.24319 nmai
175.24138 -41.00159 -18.89653 -7.73726 -0.04332 0.37222 0.18462 0.39000 mtqn
175.53615 -40.18138 -7.40017 -2.41757 -2.20440 0.49161 0.43164 0.50000 mtbl
176.74973 -38.61686 3.13848 -11.56891 -0.62649 0.24008 0.19091 0.28000 ming
171.57530 -43.59135 -30.46355 -13.04130 -0.55001 0.17435 0.17238 0.23341 meth
176.69655 -39.44420 -1.25716 -14.41426 -2.37538 0.24704 0.18310 0.25000 mcnl
177.52620 -38.33382 1.99625 -16.29183 1.00312 0.17063 0.15147 0.21552 matw
175.57488 -40.66870 -19.44359 -7.45574 -0.38376 0.35233 0.17213 0.42000 mang
173.79381 -41.29139 -7.90253 -0.50725 -0.60295 0.30269 0.20282 0.23469 maha
176.42279 -39.42402 -1.01955 -11.29800 -2.03541 0.26023 0.24528 0.28000 kawk
117.09719 -20.98143 -0.41333 0.46538 -0.25293 0.13622 0.13625 0.14603 karr
169.77516 -43.60839 -11.07079 -3.27436 1.87001 0.13365 0.13549 0.17070 kara
175.51519 -40.89722 -20.58230 -10.22541 -1.98346 0.23298 0.17853 0.29000 hold
147.43874 -42.80471 0.13298 -0.52531 -0.83100 0.12403 0.12405 0.15097 hob2
177.56938 -38.68681 1.28476 -16.97340 0.99360 0.23940 0.17589 0.26000 hana
175.45928 -39.97628 -4.66113 -3.33331 -0.31467 0.38205 0.23826 0.30000 grng
178.21110 -38.48800 -1.81501 -18.07824 0.22333 0.43211 0.22576 0.23144 cnst
169.85585 -43.66623 -16.07211 -6.95916 4.36008 0.15266 0.13072 0.17071 cncl
175.14549 -41.14468 -23.15891 -8.68293 -0.53314 0.18933 0.15941 0.26000 clim
133.80983 -31.86666 0.36376 -0.24522 -0.31604 0.11828 0.12023 0.15573 cedu
133.88552 -23.67012 0.09208 0.12245 -0.31861 0.11381 0.11452 0.14600 alic
178.04600 -38.41145 0.32666 -18.91912 0.79323 0.29307 0.19769 0.24784 ahti
115.34698 -29.04655 -0.29723 -0.14987 0.23975 0.13684 0.13378 0.14898 yar2
175.75430 -39.40740 -1.08687 -4.44661 0.22457 0.18741 0.15780 0.20325 vgmo
174.62764 -41.27805 -17.99287 -2.45932 0.63704 0.26760 0.19796 0.32000 trwh
148.98000 -35.39920 0.23754 0.12721 -0.90094 0.12047 0.11565 0.15044 tidb
148.98000 -35.39920 0.13753 -0.19279 0.71906 0.18188 0.19623 0.31000 tid2
175.81083 -38.61102 -0.05101 -2.47971 -0.64650 0.15649 0.16099 0.21153 tgtk
175.77015 -38.86337 -1.70582 -3.37534 0.60384 0.18553 0.17056 0.21637 tgra
175.71191 -38.67810 -0.48771 -2.08721 -0.33641 0.16624 0.17076 0.20160 tghr
175.96291 -40.06158 -7.79462 -8.51608 -0.98456 0.50160 0.21350 0.52000 takp
151.15038 -33.78087 0.31686 -0.11411 -0.84325 0.14402 0.14341 0.19071 sydn
176.19418 -38.17662 4.51120 -4.69539 -4.19709 0.19934 0.16983 0.29000 rgut
176.50610 -38.23379 -1.26519 -5.99325 -12.66701 0.18127 0.19092 0.31000 rgta
176.52120 -38.05728 0.40307 -6.57855 -2.80725 0.19815 0.19804 0.25000 rgre
176.46711 -38.13832 1.58150 -10.79213 -16.64714 0.17158 0.16172 0.26000 rgmk
176.38571 -38.00329 1.47985 -4.45337 -1.58733 0.16500 0.15514 0.26000 rgli
176.24408 -38.02008 1.49522 -3.00400 -0.45731 0.16640 0.15649 0.24000 rgka
176.28798 -38.38579 0.54296 -4.48588 -9.73681 0.19324 0.17840 0.28000 rghr
176.35229 -38.25192 1.16613 -6.00353 -14.16699 0.21444 0.17512 0.52000 rghl
176.34303 -38.56204 1.18489 -6.89591 -2.94657 0.16647 0.19557 0.23166 rgar
182.07105 -29.24467 -14.26157 -14.73525 -5.86995 0.29909 0.22507 0.46000 raul
176.62116 -39.74720 -6.13413 -11.31831 -5.00498 0.52158 0.21938 0.40000 rakw
175.18193 -39.80477 -2.96039 -2.76315 -0.77490 0.39195 0.21388 0.31000 pkno
169.92154 -43.66059 -17.37183 -7.24332 4.11008 0.21994 0.16903 0.25000 pilk
175.17040 -40.81650 -12.69487 -4.57853 0.16643 0.45180 0.18518 0.38000 otak
176.68069 -40.10436 -11.83579 -14.01759 -0.32450 0.41204 0.21791 0.27000 oroa
175.79069 -39.91829 -4.46734 -5.83697 0.26525 0.45175 0.31231 0.49000 ohin
176.20004 -40.11332 -9.93440 -8.63289 -2.21449 0.65125 0.32237 0.56000 nrsw
116.19272 -31.04873 -0.15667 -0.10706 -0.71725 0.14946 0.14722 0.16104 nnor
170.35053 -43.33641 -11.17914 -2.51796 3.80967 0.17759 0.18533 0.23691 mtpr
144.97534 -37.82941 0.40849 0.22714 -0.90757 0.14074 0.14614 0.16681 mobs
176.22338 -40.46864 -20.15534 -12.40059 -3.74402 0.32259 0.21437 0.34000 mnhr
176.02883 -39.70338 -3.42514 -6.94907 -0.42504 0.46172 0.27445 0.50000 mkno
177.06980 -39.17230 0.37190 -16.93655 -1.48575 0.20412 0.10799 0.24000 kuta
164.28734 -20.55869 -0.53030 -0.13812 -0.49362 0.15853 0.15167 0.16879 kouc
170.10551 -43.77733 -22.20115 -10.52675 5.11022 0.15870 0.15135 0.25000 horn
177.40987 -38.93930 0.48331 -18.24402 -0.77606 0.25846 0.19954 0.26014 frtn
131.13274 -12.84370 0.00457 0.14994 -0.42646 0.13616 0.14255 0.16130 darw
170.19014 -43.86249 -25.54428 -12.51889 2.93033 0.26598 0.19539 0.27000 bnet
176.13641 -38.61758 0.60984 -4.47758 -5.35649 0.20919 0.21883 0.37000 arta
178.29122 -38.26821 2.95321 -19.64037 -1.11697 0.47195 0.19890 0.26392 anau
138.64735 -34.72900 0.22029 0.04266 -1.10189 0.18294 0.18906 0.30000 ade1
175.59785 -39.32693 -0.80838 -3.10593 -0.27554 0.17523 0.16507 0.22081 vgwn
175.58898 -39.28240 -0.54703 -2.75202 -1.87560 0.18710 0.16717 0.28000 vgwh
175.60894 -39.27726 -0.61316 -2.82656 -1.59561 0.18237 0.16734 0.25000 vgts
175.54831 -39.29841 -0.45941 -2.60360 -1.01558 0.19188 0.17193 0.35000 vgtr
175.66514 -39.16307 -0.06227 -2.63135 -2.88576 0.17738 0.16237 0.23000 vgot
175.54224 -39.19983 0.04908 -2.47664 -1.72571 0.15991 0.14976 0.20509 vgob
175.55269 -39.25515 -0.09078 -2.51951 -0.47564 0.17478 0.15975 0.22037 vgfw
169.89321 -43.63770 -15.51891 -6.49270 3.57005 0.28366 0.18913 1.32000 vexa
175.85849 -38.97713 -0.01206 -4.41895 -2.36601 0.20986 0.18506 0.28000 tgri
176.04747 -38.84584 3.25022 -6.83039 1.06381 0.18594 0.20040 0.27000 tgoh
175.99633 -38.81286 4.53430 -6.35951 2.56377 0.62125 0.24475 0.78000 tgho
210.39381 -17.57702 -82.90127 26.97429 -0.85852 0.34127 0.33165 0.28000 tah1
176.21085 -38.35257 2.19568 -4.52534 -12.42685 0.18803 0.18784 0.52000 rgwv
176.23225 -38.25659 5.59838 -5.27710 -11.31698 0.25678 0.19754 0.55000 rgon
176.89617 -38.00320 3.46009 -11.57386 -0.11733 0.20108 0.19128 0.26000 rgaw
115.88525 -31.80196 0.06753 -0.40001 -1.23614 0.14574 0.13514 0.16018 pert
148.26461 -32.99876 0.26781 -0.41785 1.24562 0.18674 0.19147 0.27000 park
166.48489 -22.22832 0.63788 -0.53422 -1.05092 0.17276 0.17990 0.21173 nrmd
166.41020 -22.26984 1.21890 0.27658 -3.12085 0.25953 0.22932 0.41000 noum
170.06122 -43.75612 -20.43533 -8.96739 2.11020 1.43073 0.89073 1.56000 nett
167.26378 -20.91799 0.68530 0.23896 -2.98303 0.17878 0.16303 0.32000 lpil
176.37012 -39.64315 -3.22190 -10.66268 -1.30512 0.35230 0.23004 0.36000 kere
132.15328 -14.37600 -0.17726 0.08137 0.24613 0.19217 0.18864 0.25111 kat1
210.38570 -17.55531 -82.86702 26.86624 -0.79855 0.33332 0.32628 0.24000 faa1
96.83397 -12.18834 1.25774 0.31928 -0.57757 0.26867 0.26381 0.15154 coco
200.19939 -21.20103 -76.62224 17.54684 -0.06258 0.24306 0.23848 0.20415 ckis
152.32101 -24.90822 0.53503 0.20558 -0.32665 0.16169 0.16528 0.21613 bndy
115.34697 -29.04658 -0.34723 0.09013 0.06975 0.14826 0.14970 0.17302 yarr
115.34716 -29.04649 -0.35715 -0.17991 -0.06026 0.16738 0.16488 0.18549 yar3
175.58323 -41.06256 -26.13467 -11.37575 -1.73324 0.23799 0.27711 0.33443 wrpa
175.45174 -39.73010 -2.92112 -2.95502 0.11500 0.40192 0.22677 0.28000 whvr
175.58970 -39.11514 1.56563 -2.54870 -2.50582 0.20182 0.17209 0.30000 vgwt
168.31514 -17.74397 -82.13660 -35.11330 -3.32824 0.22938 0.15632 0.32000 vanu
184.82078 -21.14471 71.85250 -36.68691 1.06733 0.24972 0.16601 0.26000 tong
148.98000 -35.39920 0.24753 -0.05279 -0.19094 0.12384 0.12360 0.16410 tid1
210.39355 -17.57706 -82.38125 27.55402 -0.56852 0.31979 0.31494 0.17241 thti
166.21537 -21.60858 0.51390 0.24205 -0.90192 0.21128 0.20011 0.28000 thio
175.93930 -38.67343 1.87891 -0.76115 -2.93642 0.15505 0.25286 0.21000 tgwh
210.39381 -17.57703 -82.73128 27.05428 -1.11852 0.36987 0.35961 0.44000 tah2
153.03530 -27.48489 0.06935 0.04466 -1.55264 0.29205 0.33096 0.99000 sunm
149.01016 -35.31616 0.26832 -0.14016 -1.24106 0.13945 0.13453 0.20588 str2
149.01005 -35.31553 0.26783 -0.01019 -0.94106 0.13163 0.12675 0.17252 str1
188.26158 -13.84921 -88.77651 4.59133 -0.38476 0.23105 0.21380 0.17871 samo
176.36592 -38.09366 2.01242 -4.64031 -4.30720 0.23397 0.19453 0.42000 rghd
210.42728 -17.53308 -83.18083 27.29935 -1.17859 0.33694 0.32512 0.19489 pape
178.08260 -37.89398 2.31193 -16.88129 3.25252 0.30300 0.23740 0.43000 paki
167.93883 -29.04334 0.52437 -0.08378 -0.66026 0.19122 0.16581 0.20896 norf
190.07293 -19.07653 -78.40650 6.77550 -0.74604 0.22776 0.20364 0.19461 nium
116.63749 -26.69664 -0.34963 -0.14885 0.28614 0.19657 0.19977 0.25125 mro1
178.12913 -38.64379 -2.41994 -20.35646 0.34354 0.79114 0.37257 0.26421 mako
158.93583 -54.49953 -7.74115 -18.83513 -1.29767 0.14475 0.13675 0.14597 mac1
159.06120 -31.51988 0.43514 -0.05286 -0.54655 0.17012 0.16884 0.22302 lord
159.07852 -31.54146 -0.20948 0.54611 -0.80652 0.22555 0.21968 0.31000 ldhi
177.44658 -17.60881 -6.25515 -6.30830 -1.08846 0.17492 0.17555 0.16968 laut
250.65560 -27.12498 56.85642 26.41693 -0.08320 0.61920 0.61562 0.25461 ispa
188.00047 -13.83221 -87.14951 4.15599 -1.69478 0.23027 0.21614 0.20380 fale
250.61671 -27.14821 58.13091 26.03281 -0.56316 0.66091 0.64416 0.70000 eisl
115.34697 -29.04656 0.08277 0.73013 -0.40025 0.31889 0.29824 0.57000 yar1
105.68850 -10.44996 -0.10401 0.62018 0.04946 0.25913 0.24419 0.23000 xmis
153.03527 -27.48496 0.36939 0.49465 -0.53264 0.21060 0.21955 0.43000 wool
128.29617 -25.03720 0.08458 0.10146 -0.41645 0.17268 0.17325 0.25259 wara
175.64131 -39.09440 1.33811 -3.72859 -2.83585 0.18225 0.15750 0.21802 vgkr
164.46992 -20.83628 0.12877 -0.70987 -0.43317 0.19507 0.24036 0.23974 uaco
176.38256 -40.26498 -14.41829 -11.44326 -1.39429 0.41202 0.24155 0.31000 turi
166.21689 -22.01152 0.27076 -0.01401 -1.21127 0.19213 0.18558 0.20764 ttta
172.96049 -41.03368 -2.52323 -0.51165 -1.75328 0.26398 0.20879 0.31100 tkhl
210.39356 -17.57706 -83.00125 26.80402 -0.68852 0.34495 0.33781 0.26654 thtg
210.52446 -23.34180 -74.14858 27.14833 -1.02913 0.33723 0.33331 0.34000 tbtg
142.05742 -29.45016 0.06722 0.32944 -0.84964 0.19773 0.19809 0.46000 tbob
147.93085 -42.54644 0.17296 -0.39825 -0.82133 0.16455 0.16444 0.20514 spby
130.89157 -12.42459 -1.44636 1.97122 1.89283 0.55696 0.51794 1.13000 sa39
177.17777 -37.51807 9.26779 -9.73408 -5.37799 0.46184 0.35244 0.47000 rgwi
177.19248 -37.52434 7.77036 -9.12257 -0.45798 0.39217 0.28448 0.37000 rgwc
141.61347 -38.34439 0.37097 -0.40842 -0.00686 0.19493 0.19127 0.29000 ptld
164.02378 -20.23165 0.67861 1.36518 -1.01415 0.30976 0.26979 0.57000 poum
165.35132 -20.93788 0.02253 0.83109 -0.52300 0.22707 0.23490 0.31000 pdme
166.44252 -22.26479 -0.10501 -0.27236 -1.19086 0.20575 0.18524 0.22755 nmea
172.77520 -42.66176 -23.41453 -11.50433 1.31882 0.21069 0.21438 0.30129 mrbl
165.37548 -21.48034 0.02478 0.02692 -0.71212 0.18174 0.18897 0.29000 lcap
142.29621 -10.59037 -0.09848 0.76651 0.69970 0.23965 0.24395 0.42000 hnis
115.73858 -31.82552 -0.27805 -0.63836 -1.26610 0.16561 0.14629 0.20000 hil1
172.79279 -42.55283 -17.41198 -8.71963 0.72868 0.24443 0.20883 0.29069 hanm
225.03518 -23.13036 -77.70280 39.44174 -0.43947 0.41765 0.41085 0.25000 gamb
181.87906 -14.30780 -84.13821 -0.20980 -1.00398 0.22080 0.22495 0.33000 ftna
121.89433 -33.87432 -0.05787 -0.46319 -0.63312 0.16625 0.16695 0.21388 espa
130.95593 -12.44331 -0.57766 0.32472 0.23286 0.20080 0.20700 0.43000 dwni
131.13274 -12.84371 -0.12543 0.34994 -0.36646 0.31955 0.33020 0.65000 darr
130.89149 -12.42401 -0.05650 0.35122 -0.90717 0.26358 0.25047 0.47000 darm
153.26654 -27.52615 0.11058 -0.02318 -1.29258 0.16565 0.16942 0.28000 clev
122.20909 -18.00397 -0.19065 0.25225 -0.45781 0.18014 0.17689 0.24260 bro1
189.27756 -14.32609 -86.58730 6.10581 -0.82395 0.22631 0.21887 0.21000 aspa
117.81019 -34.95023 -0.14860 -0.04060 -0.13158 0.19571 0.19549 0.23925 alby
138.64735 -34.72900 0.04029 0.32266 -1.82189 0.29707 0.30773 0.62000 ade2
130.88173 -12.35592 0.08795 0.75159 -1.43729 0.27383 0.28462 0.91000 02na
130.98205 -12.47822 -0.02466 0.32579 -2.45708 0.23414 0.23548 0.57000 01na
130.84399 -12.46664 0.08072 0.00791 0.36290 0.23106 0.32910 0.67000 00na
172.48113 -43.49077 -32.06720 -11.94305 -0.50014 0.20521 0.20863 0.50000 yald
173.58616 -41.59501 -5.18490 0.32288 2.77745 0.31596 0.26076 0.36332 wrau
135.64328 -17.77633 -0.15289 -0.23877 -1.16819 0.25405 0.24458 0.65000 walh
175.70413 -39.11561 -0.43232 -2.67049 -4.15582 0.23163 0.22150 0.39000 vgtm
175.67593 -39.09867 0.00798 -1.74197 -3.75585 0.27785 0.30737 0.51000 vgnt
175.60115 -39.17556 0.81139 -2.94088 -2.63574 0.25174 0.22184 0.35000 vgng
175.71075 -39.13571 -0.75917 -2.82572 -2.66580 0.26193 0.22218 0.42000 vget
148.98000 -35.39920 0.44753 -0.44279 -3.70094 0.32856 0.25449 0.65000 tidv
133.69683 -32.12862 0.36463 -0.23101 -0.36565 0.19691 0.20298 0.28741 thev
172.79022 -42.21496 -6.37338 -4.84602 -4.92175 0.26418 0.26821 0.47000 tenn
170.13928 -45.63416 -29.25630 -13.57292 -0.23749 0.23759 0.24538 0.40000 sutt
174.13729 -41.66382 -16.37735 -5.78575 -0.72246 0.28132 0.24604 0.42000 sedd
212.29396 -14.94583 -87.56251 27.52998 -2.07291 0.40915 0.41299 0.56000 rgtg
168.31502 -17.74943 -81.00207 -38.31348 1.99177 0.30502 0.24651 0.49000 ptvl
118.67886 -20.53975 -0.18779 0.15830 0.04635 0.19476 0.19984 0.27572 pthl
174.09545 -39.27002 -0.87462 -0.61824 -3.49562 0.27580 0.25054 0.39000 pgne
174.01427 -39.29437 -0.75838 -1.77962 -3.97558 0.23656 0.23105 0.50000 pgkh
183.63120 -44.02429 -32.45253 0.97073 -0.99947 0.26608 0.25767 0.38000 owmg
166.48489 -22.22832 0.84787 -0.90421 -0.82092 0.22140 0.22454 0.31000 nrmg
166.41612 -22.24199 0.48738 -0.32909 -1.01090 0.41637 0.24253 0.42000 nbtg
148.14496 -26.35890 0.61694 -0.43340 0.61562 0.23054 0.24480 0.31000 mchl
173.48243 -42.01156 -14.38643 -4.07107 7.28799 0.26374 0.25304 0.41000 look
130.82473 -12.45546 -0.35597 0.41696 -0.25712 0.20154 0.19850 0.26299 lkya
132.89390 -12.65885 -0.41482 1.47004 -1.82677 0.24521 0.27978 0.58000 jab1
254.63820 -26.47291 54.00456 32.20997 -2.28421 0.71475 0.70001 0.54000 ilsg
152.48686 -30.32662 0.37625 -0.18293 -1.12833 0.23463 0.21942 0.34000 hern
173.82186 -41.85723 -15.99070 -7.07544 2.53779 0.26347 0.25283 0.40000 glok
181.83976 -14.29605 -82.98601 -0.60265 -3.42400 0.41741 0.41547 1.12000 fttg
173.81539 -42.14460 -24.20046 -11.43493 -0.37184 0.25187 0.30062 0.45000 clrr
139.90306 -22.91354 0.56099 -0.41875 -0.23982 0.19786 0.20273 0.29195 bula
