#lon lat ve vn vu se sn su name
170.59720 -45.88370 -29.70591 -13.07666 NaN 0.60733 0.65773 NaN dund
170.51090 -45.86950 -28.53078 -13.13756 NaN 0.33817 0.30078 NaN ousd
174.83439 -36.60280 0.69176 -0.93865 NaN 0.26644 0.22931 NaN auck
174.80590 -41.32348 -24.62238 -7.63004 NaN 0.60353 0.34291 NaN wgtn
174.66279 -36.43440 0.04445 -1.66459 NaN 0.63523 0.64587 NaN wark
172.65470 -43.70271 -32.36726 -11.33904 NaN 0.46506 0.45519 NaN mqzg
169.30825 -45.23100 -28.66816 -12.32806 NaN 0.84153 0.65756 NaN lexa
174.31460 -35.80380 0.88711 -0.12043 NaN 0.30753 0.26279 NaN whng
176.26090 -37.72880 2.06488 -1.78980 NaN 0.43375 0.30503 NaN trng
174.11820 -39.18255 -2.35908 -1.23955 NaN 0.53459 0.40044 NaN nply
174.85410 -38.51300 -0.45569 -0.64832 NaN 0.53372 0.35994 NaN maho
173.27310 -35.06890 -0.03405 -0.85375 NaN 0.48368 0.39518 NaN ktia
170.98431 -42.71290 -3.72686 -1.14762 NaN 0.36144 0.35348 NaN hoki
175.10920 -37.80680 -0.29034 -0.76716 NaN 0.41952 0.29778 NaN hamt
177.01389 -37.98169 3.74047 -14.19260 NaN 0.75729 0.61009 NaN whkt
174.78160 -41.29040 -23.55507 -7.19477 NaN 0.38298 0.39650 NaN wgtt
171.80621 -41.74472 -2.71679 -0.53775 NaN 0.46172 0.42105 NaN west
174.82142 -39.78689 -6.02583 -0.80615 NaN 0.66422 0.50100 NaN wang
170.92030 -44.65570 -30.57831 -12.69264 NaN 0.63811 0.46916 NaN waim
173.43371 -41.18350 -8.93810 -1.01240 NaN 0.72888 0.61749 NaN nlsn
175.58458 -41.06199 -25.94497 -10.60966 NaN 0.39113 0.28961 NaN mast
172.26631 -42.78339 -22.40821 -9.61420 NaN 0.44501 0.69533 NaN lkta
173.53366 -42.42548 -28.36680 -10.81729 NaN 0.46211 0.37457 NaN kaik
178.30335 -37.56102 5.48761 -17.20076 NaN 0.46817 0.41947 NaN hikb
168.78555 -44.07320 -12.79465 -4.54419 NaN 0.71367 0.89102 NaN haas
170.62940 -45.81431 -29.27131 -12.55331 NaN 0.56848 0.48831 NaN dunt
175.74958 -36.86541 1.65424 -0.53498 NaN 0.37020 0.27462 NaN corm
183.43416 -43.95579 -33.00270 -0.33263 NaN 0.27394 0.22875 NaN chat
168.29209 -46.58508 -25.51109 -13.23123 NaN 0.59328 0.52123 NaN bluf
174.76990 -36.84360 1.22010 -0.29734 NaN 0.52672 0.41285 NaN takl
169.81582 -43.53168 -8.12989 -2.35903 NaN 0.40202 0.30592 NaN quar
175.25479 -41.56921 -32.79099 -10.16702 NaN 0.51509 0.50005 NaN pali
172.72220 -43.60580 -32.57067 -11.89734 NaN 0.51476 0.57871 NaN lytt
172.52956 -40.82660 -3.28811 0.26535 NaN 0.60013 0.55856 NaN gldb
177.07635 -39.65789 -6.98325 -16.03300 NaN 0.77031 0.65380 NaN ckid
183.38288 -43.73547 -33.95583 -0.85234 NaN 0.58291 0.59527 NaN chti
174.93290 -41.19640 -24.89197 -7.49080 NaN 1.43607 0.98601 NaN avln
173.98420 -41.56066 -16.88109 -5.59176 NaN 0.91757 0.89606 NaN with
177.23440 -39.07720 -4.77575 -14.00567 NaN 1.22146 1.13707 NaN wahu
175.68790 -41.39800 -32.36317 -10.26637 NaN 0.36254 0.34406 NaN trav
174.28010 -41.19160 -15.41778 -4.28241 NaN 1.37706 1.43867 NaN tory
175.89050 -41.10660 -27.58774 -11.65972 NaN 0.49237 0.47424 NaN tema
176.49251 -39.16552 0.17657 -13.48731 NaN 0.71933 0.49134 NaN ripa
177.41540 -38.49556 1.62584 -17.10479 NaN 1.07268 1.58080 NaN rawi
166.68071 -46.16619 -36.47551 -11.49037 NaN 21.35806 26.05504 NaN pygr
178.25740 -38.07140 5.70573 -18.85181 NaN 0.53166 0.39752 NaN puke
176.63520 -40.26640 -18.74442 -13.52303 NaN 0.84804 0.55402 NaN pora
176.86390 -40.03310 -17.93194 -13.86496 NaN 0.75333 0.64677 NaN pawa
170.51091 -45.86947 -29.61578 -12.41656 NaN 0.53662 0.46543 NaN ous2
177.30760 -38.04650 2.79031 -15.12962 NaN 0.81319 0.63604 NaN optk
174.06030 -41.01930 -14.17615 -4.43995 NaN 0.92954 1.04690 NaN okoh
170.46493 -43.98570 -27.17316 -12.07469 NaN 0.37838 0.39638 NaN mtjo
168.11820 -45.36651 -25.22114 -10.51188 NaN 0.89639 0.76732 NaN mavl
176.93670 -39.33230 -3.45429 -17.40111 NaN 0.79420 0.74159 NaN leyl
175.24060 -40.58880 -18.88486 -7.37578 NaN 0.70221 0.58673 NaN levn
175.42405 -40.40930 -16.66277 -7.57238 NaN 0.69924 0.57080 NaN koro
177.66780 -39.01610 -9.17715 -19.47705 NaN 0.74350 0.60409 NaN koko
174.90980 -40.86090 -19.06570 -6.48665 NaN 0.96757 1.10390 NaN kapt
176.87630 -39.79380 -11.12230 -13.90265 NaN 0.79520 0.70164 NaN kahu
176.72658 -39.61701 -6.89628 -15.22223 NaN 0.48655 0.38300 NaN hast
175.23810 -40.08030 -11.37053 -5.29678 NaN 1.04347 1.08994 NaN gnbk
177.88601 -38.63532 -8.50726 -14.55034 NaN 0.70468 0.48570 NaN gisb
173.92160 -40.80180 -10.65023 -1.47996 NaN 1.19817 0.86409 NaN durv
174.21380 -41.74900 -23.57166 -8.41816 NaN 0.50393 0.59862 NaN cmbl
176.24610 -40.67980 -26.50077 -9.53907 NaN 0.52919 0.55197 NaN birf
176.06317 -39.48918 -4.72693 -9.90173 NaN 0.84093 0.89323 NaN bhst
174.77042 -36.84375 -0.79589 -1.20734 NaN 0.70602 0.70467 NaN aukt
176.46120 -40.53980 -25.95735 -11.95097 NaN 1.08258 0.53407 NaN akto
176.44060 -40.06420 -16.86202 -8.58610 NaN 0.86396 0.84631 NaN wpuk
176.54300 -39.89589 -14.68110 -11.68727 NaN 0.88892 0.69960 NaN wpaw
169.88531 -43.58403 -13.42847 -3.50372 NaN 0.45071 0.67732 NaN waka
147.05569 -19.26928 0.12951 0.03592 NaN 0.23302 0.23064 NaN tow2
177.81142 -38.43749 0.28813 -18.97289 NaN 1.14763 0.85055 NaN tkar
175.88569 -40.77601 -25.67748 -10.54812 NaN 0.68639 0.63666 NaN tint
175.78560 -39.68250 -7.70408 -7.79913 NaN 0.93770 0.86024 NaN thap
178.00589 -38.16241 1.23003 -19.02147 NaN 0.79340 0.75480 NaN tauw
177.34750 -38.77961 0.89041 -17.96463 NaN 1.26043 0.77461 NaN snst
175.40432 -41.18691 -29.51232 -10.95676 NaN 0.42872 0.56681 NaN rdlv
177.67753 -37.96500 2.71970 -16.45576 NaN 1.55618 1.35299 NaN raum
177.08608 -38.91619 2.11113 -16.55750 NaN 0.86603 0.73166 NaN rahi
175.99928 -40.60108 -24.29255 -9.62921 NaN 1.06355 0.83628 NaN ptoi
177.69789 -38.81420 -8.34443 -17.18407 NaN 1.28545 1.28100 NaN prtu
176.20048 -39.91679 -14.20046 -10.16677 NaN 1.71297 0.67163 NaN pnui
175.42692 -41.38152 -31.99545 -9.83691 NaN 0.47042 0.46522 NaN parw
174.95210 -41.02180 -21.94482 -6.10761 NaN 0.75403 1.29477 NaN paek
175.76132 -40.38542 -18.23711 -9.14386 NaN 1.61400 1.00704 NaN nrrd
176.80661 -39.09702 0.72957 -16.95464 NaN 1.33729 1.57375 NaN nmai
175.24138 -41.00159 -23.85838 -8.39821 NaN 1.69492 1.26180 NaN mtqn
175.53615 -40.18138 -9.87401 -9.49587 NaN 0.82890 0.73541 NaN mtbl
176.74973 -38.61686 3.15656 -13.37048 NaN 1.48914 1.17202 NaN ming
171.57530 -43.59135 -30.24367 -14.50009 NaN 0.86553 1.23277 NaN meth
176.69655 -39.44420 -4.14654 -17.28560 NaN 0.89492 0.84237 NaN mcnl
177.52620 -38.33382 1.93392 -16.40578 NaN 0.87508 0.48368 NaN matw
175.57488 -40.66870 -21.73328 -7.42439 NaN 1.08747 0.54291 NaN mang
173.79381 -41.29139 -13.02306 -3.67879 NaN 1.29209 0.97196 NaN maha
176.42279 -39.42402 -1.10771 -14.34058 NaN 1.23236 1.26689 NaN kawk
117.09719 -20.98143 -0.31637 0.40635 NaN 0.17521 0.16170 NaN karr
169.77516 -43.60839 -11.33866 -3.24644 NaN 0.54423 0.48285 NaN kara
175.51519 -40.89722 -22.91985 -9.63368 NaN 1.49407 0.61767 NaN hold
147.43874 -42.80471 0.12833 -0.21133 NaN 0.27134 0.39012 NaN hob2
177.56938 -38.68681 -3.97610 -14.35913 NaN 1.06872 1.02025 NaN hana
175.45928 -39.97628 -9.84192 -5.39853 NaN 0.75107 1.00903 NaN grng
169.85585 -43.66623 -16.16591 -6.31088 NaN 0.45568 0.33966 NaN cncl
175.14549 -41.14468 -26.16894 -8.30632 NaN 1.55400 1.51467 NaN clim
133.80983 -31.86666 0.26870 -0.36419 NaN 0.16093 0.16723 NaN cedu
133.88552 -23.67012 0.20778 0.18856 NaN 0.20970 0.19370 NaN alic
178.04600 -38.41145 -3.01153 -17.70992 NaN 1.56822 1.04129 NaN ahti
115.34698 -29.04655 -0.46415 -0.03220 NaN 0.21262 0.20396 NaN yar2
174.62764 -41.27805 -21.84235 -5.58555 NaN 1.23222 1.72857 NaN trwh
148.98000 -35.39920 0.05810 -0.20414 NaN 0.30369 0.25653 NaN tidb
148.98000 -35.39920 0.20910 -0.08514 NaN 0.27015 0.25059 NaN tid2
151.15038 -33.78087 -0.07320 -0.20749 NaN 0.29672 0.25667 NaN sydn
182.07105 -29.24467 -15.40208 -14.13032 NaN 1.73077 1.01422 NaN raul
176.62116 -39.74720 -11.21303 -14.85668 NaN 1.31630 1.10103 NaN rakw
169.92154 -43.66059 -17.60256 -6.64939 NaN 0.68778 0.73023 NaN pilk
175.17040 -40.81650 -21.96653 -6.97430 NaN 0.76103 0.82922 NaN otak
176.68069 -40.10436 -19.96510 -12.71439 NaN 1.53313 1.40180 NaN oroa
176.20004 -40.11332 -15.84405 -8.14473 NaN 1.57605 1.05204 NaN nrsw
116.19272 -31.04873 -0.27322 0.00682 NaN 0.24570 0.21549 NaN nnor
170.35053 -43.33641 -11.21018 -3.36650 NaN 0.75164 0.98391 NaN mtpr
144.97534 -37.82941 0.49989 0.07773 NaN 0.25380 0.26948 NaN mobs
176.22338 -40.46864 -22.61617 -11.25786 NaN 3.77344 1.73263 NaN mnhr
176.02883 -39.70338 -9.50993 -11.73558 NaN 1.61501 1.34081 NaN mkno
164.28734 -20.55869 -0.14665 0.16381 NaN 0.51586 0.42892 NaN kouc
170.10551 -43.77733 -23.17791 -9.98134 NaN 0.74766 0.44307 NaN horn
177.40987 -38.93930 -0.33965 -19.45036 NaN 1.46724 1.16706 NaN frtn
131.13274 -12.84370 0.02751 0.34049 NaN 0.31632 0.33969 NaN darw
170.19014 -43.86249 -23.58446 -11.09887 NaN 1.21403 0.85208 NaN bnet
176.13641 -38.61758 1.89166 -7.00032 NaN 1.07750 1.00614 NaN arta
178.29122 -38.26821 -1.24183 -18.05298 NaN 1.59922 1.36801 NaN anau
138.64735 -34.72900 0.25253 0.16202 NaN 0.20824 0.22368 NaN ade1
169.89321 -43.63770 -16.35443 -6.20027 NaN 1.52780 1.62155 NaN vexa
210.39381 -17.57702 -83.19839 27.44681 NaN 0.66183 0.42889 NaN tah1
115.88525 -31.80196 0.36216 -0.08962 NaN 0.29428 0.28372 NaN pert
148.26461 -32.99876 -0.70562 -1.40847 NaN 0.58091 0.59210 NaN park
170.06122 -43.75612 -21.36862 -9.55161 NaN 1.40288 1.04887 NaN nett
167.26378 -20.91799 0.28929 0.86169 NaN 0.95265 0.78337 NaN lpil
176.37012 -39.64315 -8.15033 -14.68961 NaN 1.52010 1.13299 NaN kere
132.15328 -14.37600 -0.83290 -0.13986 NaN 0.77455 0.71548 NaN kat1
210.38570 -17.55531 -83.57781 27.72260 NaN 0.84804 0.73551 NaN faa1
96.83397 -12.18834 1.01166 1.54365 NaN 0.44149 0.45566 NaN coco
200.19939 -21.20103 -76.31242 17.63423 NaN 0.55725 0.51455 NaN ckis
152.32101 -24.90822 0.27722 0.11718 NaN 0.54981 0.45743 NaN bndy
115.34716 -29.04649 -0.56327 -0.19520 NaN 0.51706 0.45934 NaN yar3
168.31514 -17.74397 -79.62281 -35.16349 NaN 0.68609 0.59685 NaN vanu
184.82078 -21.14471 72.47490 -38.42906 NaN 1.09985 0.92791 NaN tong
148.98000 -35.39920 0.00910 -0.34814 NaN 0.26424 0.21207 NaN tid1
166.21537 -21.60858 0.44682 1.29256 NaN 1.33074 0.84858 NaN thio
210.39381 -17.57703 -83.21739 27.47081 NaN 0.59691 0.56698 NaN tah2
153.03530 -27.48489 0.33186 0.21366 NaN 0.41622 0.42430 NaN sunm
149.01016 -35.31616 0.25101 0.02675 NaN 0.40972 0.33593 NaN str2
149.01005 -35.31553 0.13302 -0.24924 NaN 0.28591 0.22687 NaN str1
188.26158 -13.84921 -87.35563 4.60398 NaN 0.51362 0.44220 NaN samo
169.92106 -43.70206 -18.71389 -7.37799 NaN 0.75363 0.59053 NaN redd
210.42728 -17.53308 -84.08509 27.36367 NaN 0.47085 0.47666 NaN pape
178.08260 -37.89398 4.91239 -15.74919 NaN 1.82804 2.67952 NaN paki
167.93883 -29.04334 -0.27071 -0.17327 NaN 0.57825 0.55807 NaN norf
178.12913 -38.64379 -21.08500 -15.54535 NaN 1.91801 1.28903 NaN mako
169.85252 -43.72079 -17.42896 -7.53017 NaN 0.76759 0.63642 NaN maka
158.93583 -54.49953 -7.33992 -18.28897 NaN 0.54063 0.49512 NaN mac1
159.06120 -31.51988 -0.06803 -0.44766 NaN 0.67063 0.62449 NaN lord
169.73677 -43.64298 -12.68106 -3.57283 NaN 0.52531 0.58653 NaN leoc
159.07852 -31.54146 -0.35373 -0.32433 NaN 1.30483 0.69734 NaN ldhi
177.44658 -17.60881 -6.56921 -5.25824 NaN 0.51287 0.41531 NaN laut
188.00047 -13.83221 -87.45081 4.21495 NaN 0.32731 0.39925 NaN fale
105.68850 -10.44996 0.65283 0.37430 NaN 1.39447 1.11687 NaN xmis
153.03527 -27.48496 0.20286 0.07966 NaN 0.42614 0.39745 NaN wool
128.29617 -25.03720 -0.73265 -0.25702 NaN 0.59461 0.45413 NaN wara
164.46992 -20.83628 1.66921 -0.39134 NaN 0.82496 0.78373 NaN uaco
166.21689 -22.01152 -0.22276 0.51816 NaN 0.59576 0.51869 NaN ttta
210.39356 -17.57706 -82.96139 26.85680 NaN 1.43965 0.43646 NaN thtg
210.52446 -23.34180 -74.88293 26.89396 NaN 1.04083 0.79368 NaN tbtg
142.05742 -29.45016 -0.56241 -0.65476 NaN 0.75339 0.67083 NaN tbob
147.93085 -42.54644 -0.35494 -0.06573 NaN 0.63421 0.64625 NaN spby
130.89157 -12.42459 -1.09317 1.48975 NaN 1.12812 0.95851 NaN sa39
141.61347 -38.34439 -1.22170 -0.80855 NaN 0.90839 0.87580 NaN ptld
164.02378 -20.23165 1.92343 0.91672 NaN 0.89388 0.80073 NaN poum
165.35132 -20.93788 1.17684 1.92381 NaN 0.87579 0.74708 NaN pdme
166.44252 -22.26479 -0.36637 0.38452 NaN 0.58376 0.52063 NaN nmea
169.98450 -43.72658 -20.01195 -8.76550 NaN 1.26197 0.83409 NaN mcke
165.37548 -21.48034 -0.43290 0.51848 NaN 0.84675 1.72569 NaN lcap
177.06976 -39.17226 -0.40642 -18.04821 NaN 1.10360 0.98422 NaN kut1
132.15251 -14.37507 -1.14814 -0.17984 NaN 0.78053 0.70851 NaN kat2
132.89422 -12.65950 -0.52149 -0.18715 NaN 0.78303 0.60269 NaN jab2
142.29621 -10.59037 -0.39260 -0.18142 NaN 1.16127 0.81726 NaN hnis
115.73858 -31.82552 -0.18910 -0.92561 NaN 0.45637 0.35131 NaN hil1
174.91700 -41.23510 -22.67943 -6.58389 NaN 1.50202 1.42070 NaN grac
225.03518 -23.13036 -78.16583 40.45923 NaN 0.51453 0.46815 NaN gamb
181.87906 -14.30780 -82.85919 -6.07551 NaN 0.88500 0.73446 NaN ftna
121.89433 -33.87432 -0.58144 -0.33391 NaN 0.59753 0.45606 NaN espa
130.95593 -12.44331 -1.14001 -0.74143 NaN 1.27887 1.34078 NaN dwni
131.13274 -12.84371 0.42751 0.31149 NaN 0.72516 0.57394 NaN darr
130.89149 -12.42401 -0.24658 0.17070 NaN 0.39214 0.34797 NaN darm
153.26654 -27.52615 0.00441 -0.41910 NaN 0.78171 0.67545 NaN clev
175.13653 -41.34048 -30.16435 -10.18750 NaN 1.95080 1.10791 NaN bth1
122.20909 -18.00397 -1.22445 0.58899 NaN 0.87936 0.66842 NaN bro1
189.27756 -14.32609 -86.41490 6.23892 NaN 0.60892 0.65005 NaN aspa
117.81019 -34.95023 -0.46751 -0.71302 NaN 0.66916 0.75194 NaN alby
138.64735 -34.72900 0.06353 0.25402 NaN 0.40865 0.47426 NaN ade2
130.88173 -12.35592 -0.19314 0.52812 NaN 0.44741 0.52960 NaN 02na
130.98205 -12.47822 0.16854 0.12240 NaN 0.56522 0.49285 NaN 01na
130.84399 -12.46664 -0.28958 -0.65700 NaN 0.47305 0.50377 NaN 00na
137.69581 -34.93885 -1.01144 -0.39335 NaN 0.86525 1.07557 NaN ytwn
119.64580 -31.29069 -1.13763 -0.30157 NaN 0.61774 0.47994 NaN yelo
135.78438 -34.14415 -0.42886 -0.68191 NaN 0.72143 0.59900 NaN yeel
166.94437 -22.15955 -1.62838 -1.02244 NaN 0.90347 1.00900 NaN yate
147.32168 -33.70342 -0.10418 -0.91490 NaN 0.56994 0.55913 NaN wwlg
147.37121 -35.10962 -0.20988 -1.42334 NaN 1.33484 1.21252 NaN wwcc
134.35453 -19.93336 -1.21990 0.94929 NaN 0.86643 0.63725 NaN wmga
138.35597 -34.26130 -1.44896 -0.80770 NaN 1.37977 1.29145 NaN wldh
120.21837 -26.62568 -0.02552 -0.09636 NaN 1.19937 0.99005 NaN wilu
149.96480 -16.28744 -0.02172 1.28125 NaN 1.84357 1.41832 NaN wili
117.50064 -32.78176 -1.58312 0.00809 NaN 1.29960 1.03389 NaN wick
117.35208 -33.30605 -0.72737 0.24231 NaN 1.23572 0.94418 NaN wgn1
171.80600 -41.74500 -2.71379 -0.54175 NaN 0.45874 0.42204 NaN wesg
174.77871 -41.27265 -21.38058 -5.56371 NaN 0.53783 0.48206 NaN wel1
141.92046 -12.67832 -0.03816 -0.53883 NaN 1.02301 0.66817 NaN weip
152.03039 -28.21347 -0.77157 -1.12462 NaN 1.40891 1.29369 NaN warw
135.66045 -34.55887 -1.40934 -0.67335 NaN 1.61065 1.39844 NaN wani
140.00475 -34.19562 -0.65588 -0.91490 NaN 0.89420 0.81971 NaN waik
117.41010 -33.33306 -1.27808 -0.20088 NaN 0.84251 0.60042 NaN wagn
186.01685 -18.65068 112.24106 -56.96439 NaN 0.70738 0.70745 NaN vavs
153.40026 -28.34892 1.10483 -2.11908 NaN 1.56981 1.52261 NaN twed
150.12220 -36.03514 0.09879 -1.19672 NaN 1.08702 0.90472 NaN turo
151.92846 -27.53443 -0.16828 -0.30591 NaN 0.82460 0.70631 NaN toow
138.98309 -34.50580 -0.62354 -0.87966 NaN 1.03104 0.98560 NaN tnda
178.42525 -18.14593 -3.47556 -2.78385 NaN 1.10009 1.43488 NaN suva
145.21404 -38.37518 -0.15610 -0.49697 NaN 0.95029 0.97869 NaN stny
145.13275 -37.91256 0.29597 -0.24890 NaN 0.36136 0.41461 NaN sg36
142.84875 -35.50452 1.13288 -0.93095 NaN 3.18435 1.30247 NaN seal
151.60161 -32.89029 7.37319 -4.66589 NaN 1.32284 1.81339 NaN seah
151.42986 -32.75861 -0.77232 0.05505 NaN 1.91758 1.45449 NaN sawg
153.57488 -28.27172 1.30868 -0.43808 NaN 1.30798 1.65057 NaN salt
137.93433 -32.47029 -0.55269 -0.83258 NaN 0.63058 0.55696 NaN sa45
120.07089 -33.59674 -1.37874 -0.03989 NaN 0.77720 0.70429 NaN ravn
149.24894 -35.34106 0.25402 -1.31894 NaN 1.93657 2.01132 NaN quea
138.48572 -35.09470 -1.42780 -0.92887 NaN 1.02906 0.73283 NaN ptsv
150.91370 -34.47554 -0.37420 -0.64264 NaN 0.64071 0.56818 NaN ptkl
118.60554 -20.41206 -5.97768 0.06346 NaN 1.76642 0.95672 NaN pthd
151.59651 -26.15761 1.85039 0.61967 NaN 1.84377 1.42369 NaN pro1
164.90137 -21.11862 0.42929 0.59656 NaN 0.62384 0.63760 NaN pmbt
164.58100 -20.39248 2.41541 0.91905 NaN 1.72248 0.96216 NaN pebo
148.17021 -33.14119 0.35047 -1.04647 NaN 1.23390 1.02363 NaN par2
121.78724 -32.26002 -0.79999 -0.21548 NaN 0.64126 0.48155 NaN nors
139.66244 -34.69516 -1.71826 -2.24556 NaN 0.92018 0.89666 NaN nild
141.64601 -36.30842 -0.64331 -0.96407 NaN 0.82141 0.76883 NaN nhil
136.20086 -34.08486 -1.85221 -2.23780 NaN 1.09694 1.17750 NaN neil
150.93900 -32.25154 -3.80752 0.28514 NaN 2.09853 1.41650 NaN musw
149.08819 -35.05614 -0.24773 -0.28974 NaN 1.74364 1.64939 NaN murm
151.37985 -32.70976 0.10011 -0.65974 NaN 1.47875 1.43549 NaN mtmm
117.84310 -28.11531 -0.32260 -0.38958 NaN 1.26361 0.88661 NaN mtma
135.33069 -34.13529 -0.19364 -1.12402 NaN 0.76335 0.86670 NaN mthp
140.78104 -37.83307 1.12186 -0.31975 NaN 1.88965 1.22556 NaN mtga
143.44891 -37.58762 0.20433 0.32870 NaN 1.11508 1.21655 NaN mtem
133.20671 -25.94569 -0.61428 -0.50385 NaN 0.76217 0.64270 NaN mtcv
170.26254 -43.98500 -28.02347 -13.87392 NaN 1.04121 0.88805 NaN mtc1
139.26171 -35.14956 -0.03303 -0.43369 NaN 1.38379 1.24449 NaN mryb
139.48713 -20.73655 -0.88847 -0.97688 NaN 2.43557 1.74847 NaN misa
151.33920 -27.80977 -0.25258 -0.92503 NaN 1.19508 1.39563 NaN mil3
138.54338 -35.21801 3.35009 1.41524 NaN 2.60442 1.96731 NaN mclv
137.67402 -34.37409 0.24781 0.66561 NaN 1.02303 0.85069 NaN mait
158.93590 -54.49979 -10.06792 -21.60598 NaN 0.61606 0.93171 NaN maci
165.83162 -21.70937 -1.12273 0.38967 NaN 0.70624 0.52563 NaN lfoa
147.14599 -41.43468 -0.43848 -0.15718 NaN 1.37698 1.41854 NaN laun
133.21276 -15.57315 -0.44096 -0.03885 NaN 0.65173 0.55764 NaN larr
140.51264 -35.32580 -1.12572 -2.99115 NaN 0.78841 0.86471 NaN lam1
151.49136 -32.79894 1.43884 0.80760 NaN 1.53872 1.46048 NaN kurr
128.76263 -15.67696 -1.39433 0.85137 NaN 0.69654 0.54197 NaN kunu
117.70264 -31.62232 -0.97735 -0.13952 NaN 0.61430 0.45193 NaN keln
139.88691 -35.09735 -0.09956 -1.81664 NaN 0.90322 1.08156 NaN karo
121.45926 -30.78439 -0.59214 -0.10490 NaN 0.48399 0.38790 NaN kalg
138.63930 -33.00062 -1.05807 -0.59618 NaN 1.11092 0.80368 NaN jmst
152.75935 -27.61493 -0.36320 0.16711 NaN 0.79766 0.61954 NaN ips2
143.49206 -32.86413 -0.00822 -0.42807 NaN 1.04703 0.88366 NaN ihoe
118.89188 -32.44938 -0.85267 0.10501 NaN 0.58713 0.49834 NaN hydn
165.62733 -21.27705 0.35039 1.14319 NaN 0.66160 0.50895 NaN hlou
152.82656 -25.28303 2.10045 -0.29646 NaN 1.41207 1.74763 NaN hbay
151.25443 -23.84127 -0.15503 -1.27923 NaN 1.63599 1.35084 NaN glad
152.33112 -27.54393 -0.67946 -0.12020 NaN 0.68394 0.69834 NaN gatt
149.91520 -37.56812 -0.61261 -1.06566 NaN 0.87730 0.71692 NaN gabo
121.88815 -33.84107 -0.04063 -0.17951 NaN 1.00750 0.96244 NaN esp1
148.52025 -23.47831 -0.94780 -0.60639 NaN 1.89883 1.10891 NaN ensh
148.60306 -32.24669 0.55322 -2.32389 NaN 1.50174 1.22954 NaN dub1
131.18683 -13.83457 -0.67824 -0.09412 NaN 0.68902 0.60325 NaN doda
151.55442 -32.84556 -1.27899 -0.30706 NaN 1.71764 1.86138 NaN dara
151.26380 -27.17054 -0.41768 0.22421 NaN 1.00832 0.99692 NaN dalb
115.89480 -32.00389 -1.68018 0.61006 NaN 0.49884 2.82677 NaN cut0
145.75832 -16.93572 1.81343 1.94146 NaN 1.75936 1.35311 NaN crns
153.42152 -27.53771 -1.61533 -3.54305 NaN 1.61383 1.45068 NaN crl0
115.84120 -31.94250 0.09887 1.24358 NaN 1.39573 1.69829 NaN crkp
153.04715 -27.44105 1.09494 -0.01827 NaN 1.39596 1.26277 NaN crkb
138.58915 -34.93385 -0.11655 -0.98620 NaN 2.11051 1.89332 NaN crka
151.18503 -33.92368 0.83004 -0.36493 NaN 1.52672 1.30152 NaN crk1
200.18761 -21.20078 -77.06174 17.87717 NaN 0.47282 0.44199 NaN cook
134.72258 -29.03471 -0.76250 -0.73458 NaN 0.81110 0.64870 NaN coob
148.60829 -31.03731 -5.24476 -10.78790 NaN 2.29649 1.96835 NaN coo2
139.85350 -35.69110 -0.63801 -0.71224 NaN 0.82437 0.84074 NaN cnlp
148.82642 -32.91394 0.96030 -0.00370 NaN 1.01609 1.18756 NaN cmnk
172.75274 -43.56583 -34.40188 -15.21650 NaN 2.36860 2.71836 NaN clsk
153.11754 -30.29535 1.54043 0.88509 NaN 1.92761 1.71748 NaN chcc
138.20826 -33.35377 -1.97588 0.15876 NaN 1.16887 0.94759 NaN cbrk
149.05050 -35.32409 0.22994 0.71393 NaN 1.78762 1.46944 NaN canb
117.17465 -30.52552 -0.87598 -0.06566 NaN 0.55485 0.46179 NaN bura
149.01151 -30.02743 1.61307 0.40855 NaN 0.94124 1.28856 NaN bur4
147.24394 -42.73911 0.02583 -2.43409 NaN 2.20765 1.79946 NaN brtn
144.20401 -36.03140 0.12955 -0.71292 NaN 0.96219 0.89870 NaN broc
151.33391 -32.65715 -0.88605 0.44625 NaN 1.58070 1.60944 NaN bra2
153.56155 -28.86920 0.26043 -1.35155 NaN 1.46285 1.58857 NaN blna
140.60031 -34.28612 -1.44436 -0.90314 NaN 1.61767 1.48739 NaN beri
146.65774 -36.34644 -0.01255 -0.66960 NaN 0.76550 1.64739 NaN beec
153.20253 -27.72033 1.27307 1.47402 NaN 0.62810 0.74829 NaN bee2
152.99508 -27.98709 -0.26597 -0.37075 NaN 0.55534 0.53277 NaN bdst
153.06917 -26.68465 0.68639 -2.62254 NaN 1.49094 2.06750 NaN bdrm
147.65603 -37.75860 -0.34924 -1.12539 NaN 0.60793 0.63304 NaN bdle
153.19363 -28.12534 1.20886 -1.47706 NaN 1.92467 1.52962 NaN bcmt
136.05868 -32.81035 -0.42841 -0.71324 NaN 0.60064 0.57695 NaN bboo
153.37403 -27.94058 -0.56565 -0.57255 NaN 1.98266 1.27575 NaN arun
137.16010 -30.45328 -0.79383 -0.79814 NaN 0.72530 0.68172 NaN anda
133.87922 -23.76699 -1.23299 0.03720 NaN 0.56173 0.47708 NaN 21na
133.88275 -23.69819 -0.07263 -0.19022 NaN 0.47605 0.45514 NaN 20na
115.34700 -29.04700 -0.07216 -0.14621 NaN 0.35638 0.33595 NaN yar0
116.88000 -33.02600 -2.23442 0.30705 NaN 1.02316 0.79167 NaN wil2
179.41300 -16.43200 -9.59239 -1.24048 NaN 0.34402 0.26686 NaN ului
184.81800 -21.14900 73.09046 -38.31275 NaN 1.66021 1.60229 NaN tnga
210.39400 -17.57700 -83.15939 27.51281 NaN 0.43429 0.41685 NaN tht0
167.20300 -15.44700 -33.91939 -14.34694 NaN 2.70358 1.14948 NaN san7
153.38100 -28.07700 0.13828 -0.17082 NaN 0.79763 0.69337 NaN rob1
168.31900 -17.72900 -85.29439 -39.18659 NaN 1.46538 0.81971 NaN ptv0
149.10300 -33.30300 0.47199 0.64693 NaN 2.46145 2.55826 NaN org0
166.41000 -22.27000 -0.00960 -0.16407 NaN 0.40444 0.37679 NaN nrm0
190.06900 -19.06200 -77.18884 7.37609 NaN 0.72866 0.47017 NaN niu0
143.65200 -38.78000 -0.28875 -0.67652 NaN 1.51484 1.45548 NaN mng0
121.31900 -28.87800 -0.88338 0.20740 NaN 0.86168 0.64655 NaN lon0
150.04100 -33.32500 -2.72382 -2.30303 NaN 3.29134 3.76918 NaN lith
137.72100 -33.96800 -0.30985 -0.56499 NaN 1.94453 1.30344 NaN kdn0
132.89400 -12.65900 -0.57995 0.15576 NaN 0.40883 0.46083 NaN jab0
250.65600 -27.12500 56.47455 27.76536 NaN 0.68877 0.67344 NaN isp0
164.94300 -20.68900 1.58377 1.78599 NaN 1.16414 0.91033 NaN hgh0
152.66000 -26.18900 2.11589 -0.32056 NaN 1.73382 1.75959 NaN gym0
121.64500 -33.17700 0.85722 1.33840 NaN 1.23621 1.29304 NaN grs0
166.90500 -22.31500 -0.66883 -0.29240 NaN 0.86654 0.53362 NaN gor3
151.26400 -27.17100 -0.93468 -0.30080 NaN 0.95640 1.04987 NaN dlby
150.82000 -34.06300 2.95045 0.45443 NaN 2.23749 1.64341 NaN cbt0
152.95200 -27.08400 0.10205 -0.98801 NaN 0.86458 0.96203 NaN cab2
145.91500 -41.05000 -1.20799 2.04214 NaN 1.19514 1.06971 NaN bur0
140.49300 -34.71000 0.14125 -0.73984 NaN 1.45175 1.88231 NaN alw0
151.70000 -27.27000 -0.14822 -1.80134 NaN 1.46191 1.26473 NaN acl1
