#lon lat ve vn vu se sn su name
172.26631 -42.78339 NaN NaN 1.17000 NaN NaN 0.22958 h22_208
172.26631 -42.78339 NaN NaN 1.17000 NaN NaN 0.22958 h22_207
172.78775 -42.39825 NaN NaN 0.28000 NaN NaN 0.56000 h22_168
172.78775 -42.39825 NaN NaN 0.98000 NaN NaN 0.60000 h22_167
172.82430 -43.07790 NaN NaN -0.03000 NaN NaN 0.94000 h22_163
172.82430 -43.07790 NaN NaN -0.03000 NaN NaN 0.94000 h22_162
174.11820 -39.18255 NaN NaN -0.53000 NaN NaN 0.17326 h22_107
174.11820 -39.18255 NaN NaN -0.53000 NaN NaN 0.17326 h22_106
174.76990 -36.84360 NaN NaN -1.28000 NaN NaN 0.16422 h22_97
174.76990 -36.84360 NaN NaN -1.28000 NaN NaN 0.22719 h22_96
174.95210 -41.02180 NaN NaN -1.12000 NaN NaN 0.13415 h22_87
174.95210 -41.02180 NaN NaN -1.12000 NaN NaN 0.13415 h22_86
175.58458 -41.06199 NaN NaN -0.72000 NaN NaN 1.55580 h22_66
175.58458 -41.06199 NaN NaN -3.80000 NaN NaN 0.46781 h22_65
166.68071 -46.16619 NaN NaN 1.55000 NaN NaN 0.52909 h22_253
168.11820 -45.36651 NaN NaN -0.16000 NaN NaN 0.28432 h22_252
168.29209 -46.58508 NaN NaN -0.62000 NaN NaN 0.25991 h22_251
168.78555 -44.07320 NaN NaN 1.17000 NaN NaN 0.25933 h22_250
169.30825 -45.23100 NaN NaN -0.11000 NaN NaN 0.25494 h22_249
169.68411 -45.03834 NaN NaN -0.15000 NaN NaN 0.34174 h22_248
169.73677 -43.64298 NaN NaN -0.07000 NaN NaN 0.23635 h22_247
169.77516 -43.60839 NaN NaN 1.07000 NaN NaN 0.15843 h22_246
169.81582 -43.53168 NaN NaN 1.52000 NaN NaN 0.18985 h22_245
169.85252 -43.72079 NaN NaN 3.80000 NaN NaN 0.28000 h22_244
169.85585 -43.66623 NaN NaN 3.23000 NaN NaN 0.25425 h22_243
169.88531 -43.58403 NaN NaN 1.23000 NaN NaN 0.14635 h22_242
169.89321 -43.63770 NaN NaN 4.14000 NaN NaN 0.14844 h22_241
169.92106 -43.70206 NaN NaN 4.59000 NaN NaN 0.43000 h22_240
169.92154 -43.66059 NaN NaN 3.44000 NaN NaN 0.14636 h22_239
170.06122 -43.75612 NaN NaN 2.39000 NaN NaN 0.14848 h22_238
170.10551 -43.77733 NaN NaN 4.74000 NaN NaN 0.17553 h22_237
170.19014 -43.86249 NaN NaN 2.86000 NaN NaN 0.17828 h22_236
170.35053 -43.33641 NaN NaN 3.12000 NaN NaN 0.22733 h22_235
170.46493 -43.98570 NaN NaN -0.22000 NaN NaN 0.18470 h22_234
170.51090 -45.86950 NaN NaN -0.62000 NaN NaN 0.16274 h22_233
170.59720 -45.88370 NaN NaN -1.51000 NaN NaN 0.29289 h22_232
170.62940 -45.81431 NaN NaN -1.25000 NaN NaN 0.14216 h22_231
170.92030 -44.65570 NaN NaN -1.05000 NaN NaN 0.26433 h22_230
170.98431 -42.71290 NaN NaN -1.83000 NaN NaN 0.17655 h22_229
171.14450 -42.55820 NaN NaN -1.65000 NaN NaN 0.44000 h22_228
171.31710 -42.24550 NaN NaN 2.60000 NaN NaN 1.23982 h22_227
171.44360 -42.72380 NaN NaN -1.44000 NaN NaN 0.55000 h22_226
171.46620 -41.74910 NaN NaN -1.77000 NaN NaN 0.46000 h22_225
171.48250 -42.74450 NaN NaN -0.87000 NaN NaN 0.56000 h22_224
171.57530 -43.59135 NaN NaN -0.62000 NaN NaN 0.23760 h22_223
171.66530 -42.29030 NaN NaN -1.38000 NaN NaN 0.65000 h22_222
171.68340 -42.45050 NaN NaN -2.76000 NaN NaN 1.17000 h22_221
171.80430 -42.55530 NaN NaN -0.27000 NaN NaN 0.59000 h22_220
171.80621 -41.74472 NaN NaN -1.19000 NaN NaN 0.22814 h22_219
171.85400 -42.09550 NaN NaN -1.19000 NaN NaN 0.41000 h22_218
171.90640 -41.87690 NaN NaN -0.38000 NaN NaN 0.46000 h22_217
172.02050 -42.45600 NaN NaN 0.09000 NaN NaN 1.55000 h22_216
172.06350 -41.58350 NaN NaN -1.66000 NaN NaN 0.35000 h22_215
172.10810 -41.16840 NaN NaN -1.83000 NaN NaN 0.81000 h22_214
172.11730 -41.72940 NaN NaN -2.59000 NaN NaN 0.37000 h22_213
172.11840 -42.02950 NaN NaN -2.04000 NaN NaN 0.37000 h22_212
172.19950 -42.31190 NaN NaN -1.62000 NaN NaN 1.07000 h22_211
172.23670 -42.14800 NaN NaN 2.79000 NaN NaN 1.09000 h22_210
172.23910 -41.40590 NaN NaN -0.76000 NaN NaN 0.62000 h22_209
172.27990 -41.72170 NaN NaN -3.02000 NaN NaN 0.35000 h22_206
172.28040 -40.87260 NaN NaN -0.03000 NaN NaN 0.75000 h22_205
172.31120 -41.06280 NaN NaN -1.07000 NaN NaN 0.62000 h22_204
172.32040 -43.08330 NaN NaN -0.31000 NaN NaN 0.36000 h22_203
172.35910 -41.82090 NaN NaN -1.81000 NaN NaN 0.38000 h22_202
172.37500 -42.53100 NaN NaN 1.77000 NaN NaN 0.74000 h22_201
172.37630 -42.58540 NaN NaN 0.87000 NaN NaN 0.41314 h22_200
172.37890 -41.24080 NaN NaN -0.82000 NaN NaN 0.64000 h22_199
172.38350 -40.68790 NaN NaN -1.80000 NaN NaN 0.54000 h22_198
172.39380 -42.47480 NaN NaN 1.93000 NaN NaN 1.08000 h22_197
172.40070 -42.37920 NaN NaN 1.81000 NaN NaN 0.64000 h22_196
172.49950 -41.72910 NaN NaN -3.45000 NaN NaN 0.95000 h22_195
172.50280 -42.89420 NaN NaN -1.31000 NaN NaN 0.32000 h22_194
172.50860 -41.42450 NaN NaN -0.40000 NaN NaN 0.41000 h22_193
172.51590 -42.00840 NaN NaN 1.30000 NaN NaN 0.71000 h22_192
172.51800 -42.25690 NaN NaN 0.72000 NaN NaN 0.65000 h22_191
172.52956 -40.82660 NaN NaN -0.97000 NaN NaN 0.18093 h22_190
172.54130 -41.55200 NaN NaN -0.11000 NaN NaN 0.34000 h22_189
172.54500 -42.59570 NaN NaN 0.59000 NaN NaN 0.67000 h22_188
172.54840 -43.11770 NaN NaN -1.22000 NaN NaN 0.36000 h22_187
172.60310 -41.03480 NaN NaN -1.03000 NaN NaN 0.64000 h22_186
172.62130 -40.87670 NaN NaN -3.65000 NaN NaN 0.57000 h22_185
172.64260 -42.74430 NaN NaN -0.54000 NaN NaN 0.37000 h22_184
172.65000 -42.05320 NaN NaN 1.19000 NaN NaN 0.92000 h22_183
172.65470 -43.70271 NaN NaN -0.01000 NaN NaN 0.17592 h22_182
172.67220 -40.71300 NaN NaN -0.66000 NaN NaN 0.80000 h22_181
172.68170 -41.21790 NaN NaN -1.18000 NaN NaN 1.03000 h22_180
172.69120 -41.10910 NaN NaN -1.67000 NaN NaN 0.42000 h22_179
172.69250 -42.83800 NaN NaN -0.59000 NaN NaN 1.22000 h22_178
172.69290 -42.98740 NaN NaN -1.24000 NaN NaN 0.34000 h22_177
172.70980 -40.51200 NaN NaN -1.51000 NaN NaN 0.62000 h22_176
172.72220 -43.60580 NaN NaN -0.81000 NaN NaN 0.18071 h22_175
172.74620 -42.21250 NaN NaN 0.21000 NaN NaN 0.52000 h22_174
172.76220 -41.69860 NaN NaN -3.43000 NaN NaN 2.61000 h22_173
172.77330 -42.30370 NaN NaN 0.25000 NaN NaN 0.58000 h22_172
172.77520 -42.66176 NaN NaN -1.35000 NaN NaN 0.46586 h22_171
172.77640 -42.58330 NaN NaN -0.36000 NaN NaN 0.60000 h22_170
172.78200 -41.77590 NaN NaN 0.34000 NaN NaN 0.91000 h22_169
172.79279 -42.55283 NaN NaN -0.40000 NaN NaN 0.47384 h22_166
172.80050 -42.68890 NaN NaN -1.94000 NaN NaN 0.86000 h22_165
172.81300 -42.90710 NaN NaN -3.24000 NaN NaN 0.58000 h22_164
172.82530 -42.47690 NaN NaN 0.64000 NaN NaN 0.59000 h22_161
172.82770 -41.52530 NaN NaN -2.49000 NaN NaN 0.94000 h22_160
172.85040 -40.93420 NaN NaN -2.61000 NaN NaN 1.04000 h22_159
172.93550 -42.47350 NaN NaN 1.91000 NaN NaN 0.37000 h22_158
172.96049 -41.03368 NaN NaN -2.09000 NaN NaN 0.49742 h22_157
172.98450 -41.33300 NaN NaN -1.52000 NaN NaN 0.49000 h22_156
172.99450 -41.12380 NaN NaN -0.85000 NaN NaN 0.73000 h22_155
173.01030 -42.68740 NaN NaN -0.87000 NaN NaN 0.54000 h22_154
173.01380 -42.32040 NaN NaN 0.93000 NaN NaN 0.99000 h22_153
173.02570 -42.78610 NaN NaN -1.12000 NaN NaN 0.38000 h22_152
173.05790 -41.62680 NaN NaN -1.70000 NaN NaN 0.58000 h22_151
173.07530 -42.19720 NaN NaN -0.58000 NaN NaN 0.58000 h22_150
173.08000 -41.90400 NaN NaN 0.49000 NaN NaN 0.32000 h22_149
173.11650 -42.92610 NaN NaN -1.18000 NaN NaN 0.50000 h22_148
173.13160 -41.49270 NaN NaN -2.29000 NaN NaN 1.17000 h22_147
173.19400 -42.48830 NaN NaN 0.22000 NaN NaN 0.53000 h22_146
173.21570 -41.30100 NaN NaN -1.99000 NaN NaN 0.52000 h22_145
173.22410 -42.27190 NaN NaN 0.74000 NaN NaN 0.39000 h22_144
173.23110 -42.84380 NaN NaN -1.07000 NaN NaN 0.49000 h22_143
173.24810 -42.41600 NaN NaN -0.93000 NaN NaN 0.52000 h22_142
173.27310 -35.06890 NaN NaN -1.32000 NaN NaN 0.23604 h22_141
173.34600 -41.95830 NaN NaN 2.53000 NaN NaN 0.50000 h22_140
173.34760 -41.62550 NaN NaN 0.77000 NaN NaN 0.75000 h22_139
173.37160 -42.03200 NaN NaN -0.10000 NaN NaN 0.55000 h22_138
173.37350 -42.61580 NaN NaN -2.43000 NaN NaN 0.96000 h22_137
173.39510 -41.70010 NaN NaN -1.29000 NaN NaN 0.34000 h22_136
173.39590 -41.47410 NaN NaN -0.72000 NaN NaN 0.47000 h22_135
173.42910 -42.13470 NaN NaN -0.12000 NaN NaN 0.34000 h22_134
173.43050 -42.39040 NaN NaN -0.29000 NaN NaN 0.51000 h22_133
173.43240 -41.27550 NaN NaN -0.91000 NaN NaN 0.52000 h22_132
173.43371 -41.18350 NaN NaN -1.79000 NaN NaN 0.18593 h22_131
173.43410 -42.36620 NaN NaN -0.88000 NaN NaN 0.42000 h22_130
173.53366 -42.42548 NaN NaN -1.55000 NaN NaN 0.22959 h22_129
173.54390 -41.74190 NaN NaN -0.91000 NaN NaN 0.31000 h22_128
173.57880 -41.24090 NaN NaN -3.11000 NaN NaN 1.33000 h22_127
173.60160 -41.97800 NaN NaN 0.52000 NaN NaN 0.64000 h22_126
173.61190 -42.31090 NaN NaN -2.09000 NaN NaN 0.43000 h22_125
173.66920 -41.86930 NaN NaN -0.80000 NaN NaN 0.56000 h22_124
173.69570 -41.41050 NaN NaN -0.23000 NaN NaN 0.36000 h22_123
173.69690 -42.42050 NaN NaN -3.24000 NaN NaN 0.43000 h22_122
173.79381 -41.29139 NaN NaN -1.51000 NaN NaN 0.22937 h22_121
173.80220 -41.54280 NaN NaN -1.58000 NaN NaN 0.56000 h22_120
173.80560 -41.74530 NaN NaN -1.58000 NaN NaN 0.37000 h22_119
173.82310 -40.96330 NaN NaN -3.33000 NaN NaN 0.42000 h22_118
173.88900 -41.94830 NaN NaN -1.24000 NaN NaN 0.48000 h22_117
173.92160 -40.80180 NaN NaN -2.71000 NaN NaN 0.16369 h22_116
173.92430 -42.15570 NaN NaN -1.28000 NaN NaN 0.69000 h22_115
173.94550 -41.85220 NaN NaN -1.37000 NaN NaN 0.31000 h22_114
173.98420 -41.56066 NaN NaN -1.57000 NaN NaN 0.26913 h22_113
173.99760 -41.61580 NaN NaN -0.48000 NaN NaN 0.38000 h22_112
174.00600 -41.87910 NaN NaN -1.58000 NaN NaN 0.45000 h22_111
174.02220 -41.34780 NaN NaN -1.78000 NaN NaN 0.49000 h22_110
174.02900 -41.78160 NaN NaN -1.44000 NaN NaN 0.37000 h22_109
174.06030 -41.01930 NaN NaN -2.25000 NaN NaN 0.23437 h22_108
174.13670 -41.82260 NaN NaN -2.30000 NaN NaN 0.74000 h22_105
174.16000 -41.02660 NaN NaN -0.45000 NaN NaN 0.48000 h22_104
174.17120 -41.84850 NaN NaN -1.81000 NaN NaN 0.59000 h22_103
174.21380 -41.74900 NaN NaN -0.57000 NaN NaN 0.17485 h22_102
174.28010 -41.19160 NaN NaN -2.68000 NaN NaN 0.17945 h22_101
174.31460 -35.80380 NaN NaN -0.83000 NaN NaN 0.21429 h22_100
174.62764 -41.27805 NaN NaN 0.06000 NaN NaN 0.25180 h22_99
174.66279 -36.43440 NaN NaN -1.56000 NaN NaN 0.27861 h22_98
174.78160 -41.29040 NaN NaN -3.10000 NaN NaN 0.16792 h22_95
174.80590 -41.32348 NaN NaN -2.10000 NaN NaN 0.15705 h22_94
174.82142 -39.78689 NaN NaN -0.27000 NaN NaN 0.16906 h22_93
174.83439 -36.60280 NaN NaN -0.94000 NaN NaN 0.14181 h22_92
174.85410 -38.51300 NaN NaN -0.38000 NaN NaN 0.21166 h22_91
174.90980 -40.86090 NaN NaN -1.30000 NaN NaN 0.15901 h22_90
174.91700 -41.23510 NaN NaN -3.63000 NaN NaN 0.17900 h22_89
174.93290 -41.19640 NaN NaN -1.78000 NaN NaN 0.17545 h22_88
175.10920 -37.80680 NaN NaN -0.70000 NaN NaN 0.18487 h22_85
175.13650 -41.34050 NaN NaN -4.67000 NaN NaN 0.21311 h22_84
175.14549 -41.14468 NaN NaN -2.18000 NaN NaN 0.16788 h22_83
175.17040 -40.81650 NaN NaN -1.01000 NaN NaN 0.18925 h22_82
175.18193 -39.80477 NaN NaN -0.50000 NaN NaN 0.25671 h22_81
175.23810 -40.08030 NaN NaN -2.16000 NaN NaN 0.19890 h22_80
175.24060 -40.58880 NaN NaN -0.36000 NaN NaN 0.16140 h22_79
175.24138 -41.00159 NaN NaN -2.15000 NaN NaN 0.22788 h22_78
175.25479 -41.56921 NaN NaN -4.61000 NaN NaN 0.18418 h22_77
175.34641 -39.28927 NaN NaN -0.82000 NaN NaN 0.16783 h22_76
175.40432 -41.18691 NaN NaN -4.77000 NaN NaN 0.21308 h22_75
175.42405 -40.40930 NaN NaN -0.46000 NaN NaN 0.18638 h22_74
175.42692 -41.38152 NaN NaN -4.75000 NaN NaN 0.15958 h22_73
175.45174 -39.73010 NaN NaN -0.15000 NaN NaN 0.27455 h22_72
175.45928 -39.97628 NaN NaN -0.44000 NaN NaN 0.18645 h22_71
175.47046 -39.38458 NaN NaN -0.17000 NaN NaN 0.23494 h22_70
175.51519 -40.89722 NaN NaN -2.63000 NaN NaN 0.18903 h22_69
175.53615 -40.18138 NaN NaN -0.11000 NaN NaN 0.19896 h22_68
175.57488 -40.66870 NaN NaN -2.09000 NaN NaN 0.16322 h22_67
175.68790 -41.39800 NaN NaN -4.58000 NaN NaN 0.17562 h22_64
175.74958 -36.86541 NaN NaN 0.15000 NaN NaN 0.19785 h22_63
175.76132 -40.38542 NaN NaN -0.51000 NaN NaN 0.19784 h22_62
175.78560 -39.68250 NaN NaN 1.50000 NaN NaN 0.20128 h22_61
175.79069 -39.91829 NaN NaN 2.35000 NaN NaN 0.20379 h22_60
175.88569 -40.77601 NaN NaN -4.72000 NaN NaN 0.17130 h22_59
175.89050 -41.10660 NaN NaN -3.67000 NaN NaN 0.18410 h22_58
175.96291 -40.06158 NaN NaN -0.80000 NaN NaN 0.15691 h22_57
175.99928 -40.60108 NaN NaN -3.84000 NaN NaN 0.17598 h22_56
176.02883 -39.70338 NaN NaN 0.85000 NaN NaN 0.26096 h22_55
176.06317 -39.48918 NaN NaN 1.01000 NaN NaN 0.20649 h22_54
176.08100 -38.74271 NaN NaN 2.44000 NaN NaN 0.16656 h22_53
176.16666 -40.29886 NaN NaN -2.39000 NaN NaN 0.17017 h22_52
176.20004 -40.11332 NaN NaN 0.17000 NaN NaN 0.25929 h22_51
176.20048 -39.91679 NaN NaN -1.09000 NaN NaN 0.17811 h22_50
176.20160 -40.90980 NaN NaN -3.77000 NaN NaN 0.18016 h22_49
176.22338 -40.46864 NaN NaN -4.20000 NaN NaN 0.26671 h22_48
176.24610 -40.67980 NaN NaN -4.75000 NaN NaN 0.16794 h22_47
176.26090 -37.72880 NaN NaN 0.65000 NaN NaN 0.20663 h22_46
176.37012 -39.64315 NaN NaN -1.36000 NaN NaN 0.17718 h22_45
176.37800 -38.10470 NaN NaN -5.63000 NaN NaN 0.25329 h22_44
176.38256 -40.26498 NaN NaN -0.07000 NaN NaN 0.27764 h22_43
176.42279 -39.42402 NaN NaN -1.57000 NaN NaN 0.23786 h22_42
176.44060 -40.06420 NaN NaN -2.28000 NaN NaN 0.17659 h22_41
176.46120 -40.53980 NaN NaN -3.93000 NaN NaN 0.17174 h22_40
176.49251 -39.16552 NaN NaN 0.03000 NaN NaN 0.15722 h22_39
176.54300 -39.89589 NaN NaN -3.07000 NaN NaN 0.17661 h22_38
176.62116 -39.74720 NaN NaN -3.87000 NaN NaN 0.26171 h22_37
176.63520 -40.26640 NaN NaN -2.47000 NaN NaN 0.17105 h22_36
176.68069 -40.10436 NaN NaN -0.11000 NaN NaN 0.24556 h22_35
176.69655 -39.44420 NaN NaN -2.33000 NaN NaN 0.20077 h22_34
176.72658 -39.61701 NaN NaN -4.31000 NaN NaN 0.38165 h22_33
176.74973 -38.61686 NaN NaN 0.14000 NaN NaN 0.28628 h22_32
176.80661 -39.09702 NaN NaN 0.24000 NaN NaN 0.19930 h22_31
176.86390 -40.03310 NaN NaN -0.94000 NaN NaN 0.16394 h22_30
176.87630 -39.79380 NaN NaN -1.80000 NaN NaN 0.17659 h22_29
176.93670 -39.33230 NaN NaN -3.12000 NaN NaN 0.19115 h22_28
177.01389 -37.98169 NaN NaN -1.24000 NaN NaN 0.28514 h22_27
177.06980 -39.17230 NaN NaN -2.28000 NaN NaN 0.23535 h22_26
177.07635 -39.65789 NaN NaN -0.37000 NaN NaN 0.17231 h22_25
177.08608 -38.91619 NaN NaN 0.59000 NaN NaN 0.20039 h22_24
177.23440 -39.07720 NaN NaN -1.67000 NaN NaN 0.22319 h22_23
177.30760 -38.04650 NaN NaN -1.94000 NaN NaN 0.22092 h22_22
177.34750 -38.77961 NaN NaN -0.74000 NaN NaN 0.21819 h22_21
177.40987 -38.93930 NaN NaN -1.65000 NaN NaN 0.25435 h22_20
177.41540 -38.49556 NaN NaN -0.28000 NaN NaN 0.22327 h22_19
177.52620 -38.33382 NaN NaN 0.48000 NaN NaN 0.15800 h22_18
177.56938 -38.68681 NaN NaN 1.25000 NaN NaN 0.18765 h22_17
177.66780 -39.01610 NaN NaN -1.41000 NaN NaN 0.16147 h22_16
177.67753 -37.96500 NaN NaN -0.61000 NaN NaN 0.26114 h22_15
177.69789 -38.81420 NaN NaN 0.89000 NaN NaN 0.22584 h22_14
177.81142 -38.43749 NaN NaN -1.73000 NaN NaN 0.24291 h22_13
177.88330 -38.92260 NaN NaN -3.30000 NaN NaN 0.18750 h22_12
177.88601 -38.63532 NaN NaN -0.92000 NaN NaN 0.16869 h22_11
177.90700 -39.15258 NaN NaN 0.05000 NaN NaN 0.18758 h22_10
178.00589 -38.16241 NaN NaN 2.17000 NaN NaN 0.22588 h22_9
178.04600 -38.41145 NaN NaN 0.60000 NaN NaN 0.22330 h22_8
178.08260 -37.89398 NaN NaN 1.92000 NaN NaN 0.25231 h22_7
178.12913 -38.64379 NaN NaN -1.11000 NaN NaN 0.24566 h22_6
178.21110 -38.48800 NaN NaN -0.43000 NaN NaN 0.18944 h22_5
178.25740 -38.07140 NaN NaN 0.84000 NaN NaN 0.15716 h22_4
178.29122 -38.26821 NaN NaN -2.58000 NaN NaN 0.24454 h22_3
178.30335 -37.56102 NaN NaN -0.04000 NaN NaN 0.17487 h22_2
178.40870 -37.82500 NaN NaN -0.69000 NaN NaN 0.23434 h22_1
