lon lat vu su
  178.4087	  -37.8250	   -0.6900	    0.0700
  178.3033	  -37.5610	   -0.0400	    0.0300
  178.2912	  -38.2682	   -2.5800	    0.0700
  178.2574	  -38.0714	    0.8400	    0.0300
  178.2111	  -38.4880	   -0.4300	    0.0400
  178.1291	  -38.6438	   -1.1100	    0.0700
  178.0826	  -37.8940	    1.9200	    0.0900
  178.0460	  -38.4115	    0.6000	    0.0700
  178.0059	  -38.1624	    2.1700	    0.0700
  177.9070	  -39.1526	    0.0500	    0.0400
  177.8860	  -38.6353	   -0.9200	    0.0300
  177.8833	  -38.9226	   -3.3000	    0.0400
  177.8114	  -38.4375	   -1.7300	    0.0800
  177.6979	  -38.8142	    0.8900	    0.0700
  177.6775	  -37.9650	   -0.6100	    0.0800
  177.6678	  -39.0161	   -1.4100	    0.0300
  177.5694	  -38.6868	    1.2500	    0.0400
  177.5262	  -38.3338	    0.4800	    0.0300
  177.4154	  -38.4956	   -0.2800	    0.0700
  177.4099	  -38.9393	   -1.6500	    0.0800
  177.3475	  -38.7796	   -0.7400	    0.0600
  177.3076	  -38.0465	   -1.9400	    0.0600
  177.2344	  -39.0772	   -1.6700	    0.0700
  177.0861	  -38.9162	    0.5900	    0.0500
  177.0763	  -39.6579	   -0.3700	    0.0300
  177.0698	  -39.1723	   -2.2800	    0.0700
  177.0139	  -37.9817	   -1.2400	    0.0600
  176.9367	  -39.3323	   -3.1200	    0.0500
  176.8763	  -39.7938	   -1.8000	    0.0400
  176.8639	  -40.0331	   -0.9400	    0.0300
  176.8066	  -39.0970	    0.2400	    0.0500
  176.7497	  -38.6169	    0.1400	    0.1700
  176.7266	  -39.6170	   -4.3100	    0.0200
  176.6966	  -39.4442	   -2.3300	    0.0500
  176.6807	  -40.1044	   -0.1100	    0.0700
  176.6352	  -40.2664	   -2.4700	    0.0300
  176.6212	  -39.7472	   -3.8700	    0.0900
  176.5430	  -39.8959	   -3.0700	    0.0400
  176.4925	  -39.1655	    0.0300	    0.0300
  176.4612	  -40.5398	   -3.9300	    0.0300
  176.4406	  -40.0642	   -2.2800	    0.0400
  176.4228	  -39.4240	   -1.5700	    0.0700
  176.3826	  -40.2650	   -0.0700	    0.1000
  176.3780	  -38.1047	   -5.6300	    0.1800
  176.3701	  -39.6431	   -1.3600	    0.0400
  176.2609	  -37.7288	    0.6500	    0.0400
  176.2461	  -40.6798	   -4.7500	    0.0400
  176.2234	  -40.4686	   -4.2000	    0.1000
  176.2015	  -40.9098	   -3.7700	    0.0500
  176.2005	  -39.9168	   -1.0900	    0.0400
  176.2000	  -40.1133	    0.1700	    0.0900
  176.1667	  -40.2989	   -2.3900	    0.0300
  176.0810	  -38.7427	    2.4400	    0.0300
  176.0632	  -39.4892	    1.0100	    0.0600
  176.0288	  -39.7034	    0.8500	    0.0800
  175.9993	  -40.6011	   -3.8400	    0.0400
  175.9629	  -40.0616	   -0.8000	    0.0300
  175.8905	  -41.1066	   -3.6700	    0.0400
  175.8857	  -40.7760	   -4.7200	    0.0300
  175.7907	  -39.9183	    2.3500	    0.0500
  175.7856	  -39.6825	    1.5000	    0.0500
  175.7613	  -40.3854	   -0.5100	    0.0500
  175.7496	  -36.8654	    0.1500	    0.0300
  175.6879	  -41.3980	   -4.5800	    0.0500
  175.5846	  -41.0620	   -3.8000	    0.0300
  175.5832	  -41.0626	   -0.7200	    1.5100
  175.5749	  -40.6687	   -2.0900	    0.0300
  175.5361	  -40.1814	   -0.1100	    0.0500
  175.5152	  -40.8972	   -2.6300	    0.0500
  175.4705	  -39.3846	   -0.1700	    0.0300
  175.4593	  -39.9763	   -0.4400	    0.0400
  175.4517	  -39.7301	   -0.1500	    0.0900
  175.4269	  -41.3815	   -4.7500	    0.0300
  175.4240	  -40.4093	   -0.4600	    0.0400
  175.4043	  -41.1869	   -4.7700	    0.0600
  175.3464	  -39.2893	   -0.8200	    0.0400
  175.2548	  -41.5692	   -4.6100	    0.0400
  175.2414	  -41.0016	   -2.1500	    0.0600
  175.2406	  -40.5888	   -0.3600	    0.0500
  175.2381	  -40.0803	   -2.1600	    0.0500
  175.1819	  -39.8048	   -0.5000	    0.0800
  175.1704	  -40.8165	   -1.0100	    0.0400
  175.1455	  -41.1447	   -2.1800	    0.0300
  175.1365	  -41.3405	   -4.6700	    0.0600
  175.1092	  -37.8068	   -0.7000	    0.0500
  174.9521	  -41.0218	   -1.1200	    0.0200
  174.9521	  -41.0218	   -1.1200	    0.0200
  174.9329	  -41.1964	   -1.7800	    0.0400
  174.9170	  -41.2351	   -3.6300	    0.0900
  174.9098	  -40.8609	   -1.3000	    0.0300
  174.8541	  -38.5130	   -0.3800	    0.0500
  174.8344	  -36.6028	   -0.9400	    0.0200
  174.8214	  -39.7869	   -0.2700	    0.0200
  174.8059	  -41.3235	   -2.1000	    0.0600
  174.7816	  -41.2904	   -3.1000	    0.0900
  174.7704	  -36.8438	   -1.2800	    0.0700
  174.7699	  -36.8436	   -1.2800	    0.0700
  174.6628	  -36.4344	   -1.5600	    0.0600
  174.6276	  -41.2781	    0.0600	    0.0800
  174.3146	  -35.8038	   -0.8300	    0.0500
  174.2801	  -41.1916	   -2.6800	    0.0600
  174.2138	  -41.7490	   -0.5700	    0.0400
  174.1712	  -41.8485	   -1.8100	    0.5900
  174.1600	  -41.0266	   -0.4500	    0.4800
  174.1367	  -41.8226	   -2.3000	    0.7400
  174.1182	  -39.1825	   -0.5300	    0.0300
  174.1182	  -39.1825	   -0.5300	    0.0300
  174.0603	  -41.0193	   -2.2500	    0.0800
  174.0290	  -41.7816	   -1.4400	    0.3700
  174.0222	  -41.3478	   -1.7800	    0.4900
  174.0060	  -41.8791	   -1.5800	    0.4500
  173.9976	  -41.6158	   -0.4800	    0.3800
  173.9842	  -41.5607	   -1.5700	    0.1500
  173.9455	  -41.8522	   -1.3700	    0.3100
  173.9243	  -42.1557	   -1.2800	    0.6900
  173.9216	  -40.8018	   -2.7100	    0.0300
  173.8890	  -41.9483	   -1.2400	    0.4800
  173.8231	  -40.9633	   -3.3300	    0.4200
  173.8056	  -41.7453	   -1.5800	    0.3700
  173.8022	  -41.5428	   -1.5800	    0.5600
  173.7938	  -41.2914	   -1.5100	    0.0700
  173.6969	  -42.4205	   -3.2400	    0.4300
  173.6957	  -41.4105	   -0.2300	    0.3600
  173.6692	  -41.8693	   -0.8000	    0.5600
  173.6119	  -42.3109	   -2.0900	    0.4300
  173.6016	  -41.9780	    0.5200	    0.6400
  173.5788	  -41.2409	   -3.1100	    1.3300
  173.5439	  -41.7419	   -0.9100	    0.3100
  173.5336	  -42.4255	   -1.5500	    0.0500
  173.4341	  -42.3662	   -0.8800	    0.4200
  173.4337	  -41.1835	   -1.7900	    0.0200
  173.4324	  -41.2755	   -0.9100	    0.5200
  173.4305	  -42.3904	   -0.2900	    0.5100
  173.4291	  -42.1347	   -0.1200	    0.3400
  173.3959	  -41.4741	   -0.7200	    0.4700
  173.3951	  -41.7001	   -1.2900	    0.3400
  173.3735	  -42.6158	   -2.4300	    0.9600
  173.3716	  -42.0320	   -0.1000	    0.5500
  173.3476	  -41.6255	    0.7700	    0.7500
  173.3460	  -41.9583	    2.5300	    0.5000
  173.2731	  -35.0689	   -1.3200	    0.0400
  173.2481	  -42.4160	   -0.9300	    0.5200
  173.2311	  -42.8438	   -1.0700	    0.4900
  173.2241	  -42.2719	    0.7400	    0.3900
  173.2157	  -41.3010	   -1.9900	    0.5200
  173.1940	  -42.4883	    0.2200	    0.5300
  173.1316	  -41.4927	   -2.2900	    1.1700
  173.1165	  -42.9261	   -1.1800	    0.5000
  173.0800	  -41.9040	    0.4900	    0.3200
  173.0753	  -42.1972	   -0.5800	    0.5800
  173.0579	  -41.6268	   -1.7000	    0.5800
  173.0257	  -42.7861	   -1.1200	    0.3800
  173.0138	  -42.3204	    0.9300	    0.9900
  173.0103	  -42.6874	   -0.8700	    0.5400
  172.9945	  -41.1238	   -0.8500	    0.7300
  172.9845	  -41.3330	   -1.5200	    0.4900
  172.9605	  -41.0337	   -2.0900	    0.2900
  172.9355	  -42.4735	    1.9100	    0.3700
  172.8504	  -40.9342	   -2.6100	    1.0400
  172.8277	  -41.5253	   -2.4900	    0.9400
  172.8253	  -42.4769	    0.6400	    0.5900
  172.8244	  -43.0779	   -0.0300	    0.9400
  172.8242	  -43.0779	   -0.0300	    0.9400
  172.8130	  -42.9071	   -3.2400	    0.5800
  172.8005	  -42.6889	   -1.9400	    0.8600
  172.7928	  -42.5528	   -0.4000	    0.2500
  172.7887	  -42.4014	    0.9800	    0.6000
  172.7868	  -42.3951	    0.2800	    0.5600
  172.7820	  -41.7759	    0.3400	    0.9100
  172.7764	  -42.5833	   -0.3600	    0.6000
  172.7752	  -42.6618	   -1.3500	    0.2200
  172.7733	  -42.3037	    0.2500	    0.5800
  172.7622	  -41.6986	   -3.4300	    2.6100
  172.7462	  -42.2125	    0.2100	    0.5200
  172.7222	  -43.6058	   -0.8100	    0.0400
  172.7098	  -40.5120	   -1.5100	    0.6200
  172.6929	  -42.9874	   -1.2400	    0.3400
  172.6925	  -42.8380	   -0.5900	    1.2200
  172.6912	  -41.1091	   -1.6700	    0.4200
  172.6817	  -41.2179	   -1.1800	    1.0300
  172.6722	  -40.7130	   -0.6600	    0.8000
  172.6547	  -43.7027	   -0.0100	    0.0400
  172.6500	  -42.0532	    1.1900	    0.9200
  172.6426	  -42.7443	   -0.5400	    0.3700
  172.6213	  -40.8767	   -3.6500	    0.5700
  172.6031	  -41.0348	   -1.0300	    0.6400
  172.5484	  -43.1177	   -1.2200	    0.3600
  172.5450	  -42.5957	    0.5900	    0.6700
  172.5413	  -41.5520	   -0.1100	    0.3400
  172.5296	  -40.8266	   -0.9700	    0.0300
  172.5180	  -42.2569	    0.7200	    0.6500
  172.5159	  -42.0084	    1.3000	    0.7100
  172.5086	  -41.4245	   -0.4000	    0.4100
  172.5028	  -42.8942	   -1.3100	    0.3200
  172.4995	  -41.7291	   -3.4500	    0.9500
  172.4007	  -42.3792	    1.8100	    0.6400
  172.3938	  -42.4748	    1.9300	    1.0800
  172.3835	  -40.6879	   -1.8000	    0.5400
  172.3789	  -41.2408	   -0.8200	    0.6400
  172.3763	  -42.5854	    0.8700	    0.4000
  172.3750	  -42.5310	    1.7700	    0.7400
  172.3591	  -41.8209	   -1.8100	    0.3800
  172.3204	  -43.0833	   -0.3100	    0.3600
  172.3112	  -41.0628	   -1.0700	    0.6200
  172.2804	  -40.8726	   -0.0300	    0.7500
  172.2799	  -41.7217	   -3.0200	    0.3500
  172.2663	  -42.7834	    1.1700	    0.0500
  172.2663	  -42.7834	    1.1700	    0.0500
  172.2391	  -41.4059	   -0.7600	    0.6200
  172.2367	  -42.1480	    2.7900	    1.0900
  172.1995	  -42.3119	   -1.6200	    1.0700
  172.1184	  -42.0295	   -2.0400	    0.3700
  172.1173	  -41.7294	   -2.5900	    0.3700
  172.1081	  -41.1684	   -1.8300	    0.8100
  172.0635	  -41.5835	   -1.6600	    0.3500
  172.0205	  -42.4560	    0.0900	    1.5500
  171.9064	  -41.8769	   -0.3800	    0.4600
  171.8540	  -42.0955	   -1.1900	    0.4100
  171.8062	  -41.7447	   -1.1900	    0.0400
  171.8043	  -42.5553	   -0.2700	    0.5900
  171.6834	  -42.4505	   -2.7600	    1.1700
  171.6653	  -42.2903	   -1.3800	    0.6500
  171.5753	  -43.5913	   -0.6200	    0.0600
  171.4825	  -42.7445	   -0.8700	    0.5600
  171.4662	  -41.7491	   -1.7700	    0.4600
  171.4436	  -42.7238	   -1.4400	    0.5500
  171.3171	  -42.2455	    2.6000	    1.2300
  171.1445	  -42.5582	   -1.6500	    0.4400
  170.9843	  -42.7129	   -1.8300	    0.0500
  170.9203	  -44.6557	   -1.0500	    0.0500
  170.6294	  -45.8143	   -1.2500	    0.0400
  170.5972	  -45.8837	   -1.5100	    0.0700
  170.5109	  -45.8695	   -0.6200	    0.0600
  170.4649	  -43.9857	   -0.2200	    0.0300
  170.3505	  -43.3364	    3.1200	    0.0600
  170.1901	  -43.8625	    2.8600	    0.0600
  170.1055	  -43.7773	    4.7400	    0.0800
  170.0612	  -43.7561	    2.3900	    0.0500
  169.9215	  -43.6606	    3.4400	    0.0400
  169.9211	  -43.7021	    4.5900	    0.4300
  169.8932	  -43.6377	    4.1400	    0.0500
  169.8853	  -43.5840	    1.2300	    0.0400
  169.8559	  -43.6662	    3.2300	    0.0300
  169.8525	  -43.7208	    3.8000	    0.2800
  169.8158	  -43.5317	    1.5200	    0.0600
  169.7752	  -43.6084	    1.0700	    0.0700
  169.7368	  -43.6430	   -0.0700	    0.2200
  169.6841	  -45.0383	   -0.1500	    0.1600
  169.3082	  -45.2310	   -0.1100	    0.0700
  168.7856	  -44.0732	    1.1700	    0.0400
  168.2921	  -46.5851	   -0.6200	    0.0800
  168.1182	  -45.3665	   -0.1600	    0.0900
  166.6807	  -46.1662	    1.5500	    0.3500
