#lon lat ve vn vu se sn su name
170.59720 -45.88370 -29.07000 -13.28000 NaN 0.69000 0.82000 NaN dund
170.51090 -45.86950 -28.70000 -12.08000 NaN 0.42000 0.51000 NaN ousd
174.83439 -36.60280 0.60000 -0.78000 NaN 0.34000 0.39000 NaN auck
174.80590 -41.32348 -23.81000 -7.60000 NaN 0.49000 0.49000 NaN wgtn
174.66279 -36.43440 -0.92000 -0.73000 NaN 0.92000 0.75000 NaN wark
172.65470 -43.70271 -32.09000 -10.69000 NaN 0.48000 0.57000 NaN mqzg
169.30825 -45.23100 -28.14000 -11.79000 NaN 0.79000 0.91000 NaN lexa
174.31460 -35.80380 0.63000 -0.14000 NaN 0.50000 0.57000 NaN whng
176.26090 -37.72880 2.56000 -1.72000 NaN 0.49000 0.56000 NaN trng
174.11820 -39.18255 -1.51000 -1.05000 NaN 0.47000 0.41000 NaN nply
174.85410 -38.51300 -0.14000 -0.69000 NaN 0.50000 0.53000 NaN maho
173.27310 -35.06890 -0.64000 -0.67000 NaN 0.68000 0.64000 NaN ktia
170.98431 -42.71290 -3.30000 0.40000 NaN 0.50000 0.56000 NaN hoki
175.10920 -37.80680 -0.45000 -0.92000 NaN 0.41000 0.48000 NaN hamt
177.01389 -37.98169 2.94000 -13.82000 NaN 0.95000 0.96000 NaN whkt
171.80621 -41.74472 -2.62000 -0.77000 NaN 0.57000 0.63000 NaN west
174.82142 -39.78689 -2.98000 -2.08000 NaN 0.90000 0.52000 NaN wang
170.92030 -44.65570 -29.75000 -12.38000 NaN 0.64000 0.82000 NaN waim
173.43371 -41.18350 -6.55000 -0.93000 NaN 0.97000 0.47000 NaN nlsn
175.58458 -41.06199 -26.31000 -10.60000 NaN 0.50000 0.52000 NaN mast
172.26631 -42.78339 -22.19000 -9.10000 NaN 0.58000 0.72000 NaN lkta
173.53366 -42.42548 -27.90000 -10.18000 NaN 0.58000 0.85000 NaN kaik
178.30335 -37.56102 5.11000 -17.61000 NaN 0.49000 0.43000 NaN hikb
168.78555 -44.07320 -12.32000 -4.46000 NaN 0.81000 1.08000 NaN haas
175.74958 -36.86541 1.31000 -0.59000 NaN 0.49000 0.54000 NaN corm
183.43416 -43.95579 -32.90000 0.03000 NaN 0.45000 0.43000 NaN chat
168.29209 -46.58508 -25.86000 -13.33000 NaN 0.62000 0.74000 NaN bluf
176.08100 -38.74271 5.06000 -6.58000 NaN 0.70000 0.59000 NaN taup
169.81582 -43.53168 -8.35000 -2.08000 NaN 0.54000 0.51000 NaN quar
172.72220 -43.60580 -32.07000 -11.39000 NaN 0.48000 0.61000 NaN lytt
172.52956 -40.82660 -2.84000 0.25000 NaN 0.53000 0.54000 NaN gldb
175.47046 -39.38458 -2.69000 -1.84000 NaN 0.61000 0.65000 NaN vgmt
166.68071 -46.16619 -21.60000 -10.86000 NaN 1.17000 1.48000 NaN pygr
170.46493 -43.98570 -26.86000 -10.73000 NaN 0.47000 0.66000 NaN mtjo
168.11820 -45.36651 -25.67000 -11.07000 NaN 0.80000 1.05000 NaN mavl
176.72658 -39.61701 -5.10000 -14.02000 NaN 0.81000 0.64000 NaN hast
177.88601 -38.63532 -0.16000 -18.69000 NaN 0.94000 0.81000 NaN gisb
176.16666 -40.29886 -15.73000 -11.26000 NaN 0.98000 0.53000 NaN dnvk
147.05569 -19.26928 -0.12000 0.19000 NaN 0.40000 0.38000 NaN tow2
117.09719 -20.98143 -0.40000 0.34000 NaN 0.33000 0.36000 NaN karr
147.43874 -42.80471 0.17000 -0.28000 NaN 0.32000 0.42000 NaN hob2
133.80983 -31.86666 0.30000 -0.32000 NaN 0.31000 0.30000 NaN cedu
133.88552 -23.67012 0.15000 0.18000 NaN 0.36000 0.29000 NaN alic
115.34698 -29.04655 -0.32000 0.00000 NaN 0.41000 0.38000 NaN yar2
148.98000 -35.39920 0.03000 -0.23000 NaN 0.35000 0.36000 NaN tidb
148.98000 -35.39920 -0.15000 -0.01000 NaN 0.35000 0.38000 NaN tid2
131.13274 -12.84370 0.19000 0.18000 NaN 0.38000 0.57000 NaN darw
166.41020 -22.26984 0.18000 0.24000 NaN 0.52000 0.48000 NaN noum
170.04809 -45.78191 -29.44000 -13.29000 NaN 1.08000 1.21000 NaN e2k3
169.76638 -45.97028 -28.80000 -13.92000 NaN 0.96000 1.24000 NaN dqyr
169.16980 -45.08040 -29.50000 -12.68000 NaN 0.99000 1.31000 NaN e2k4
169.42533 -45.67637 -29.16000 -13.19000 NaN 0.96000 1.25000 NaN dqyq
169.35455 -44.93327 -29.04000 -13.03000 NaN 1.06000 1.07000 NaN dqyp
169.61548 -45.10690 -28.96000 -12.84000 NaN 1.03000 1.27000 NaN dqyn
169.62900 -45.26284 -29.30000 -13.39000 NaN 1.20000 1.19000 NaN dqym
169.97852 -45.04760 -29.32000 -13.18000 NaN 1.12000 1.25000 NaN dqyl
169.80312 -45.47854 -28.88000 -13.69000 NaN 1.11000 1.13000 NaN dqyk
170.06689 -45.28491 -29.19000 -13.33000 NaN 1.39000 1.33000 NaN dqyj
170.21600 -45.38304 -29.05000 -13.25000 NaN 1.37000 1.47000 NaN dqyh
170.32169 -45.46702 -29.90000 -14.23000 NaN 1.08000 1.32000 NaN dqyg
170.51726 -45.37091 -29.45000 -13.22000 NaN 1.05000 1.31000 NaN dqyf
169.20610 -44.28609 -22.22000 -10.04000 NaN 0.81000 1.05000 NaN dpx3
169.30232 -44.74860 -26.71000 -11.00000 NaN 0.73000 0.82000 NaN dme5
169.90345 -44.93835 -28.07000 -11.57000 NaN 0.72000 0.78000 NaN dme3
170.12325 -45.56568 -27.84000 -11.38000 NaN 0.79000 0.81000 NaN dme1
169.00359 -43.86082 -6.95000 -0.83000 NaN 0.46000 0.46000 NaN 6731
172.78775 -42.39825 -17.19000 -5.44000 NaN 0.65000 0.54000 NaN 3608
172.78900 -42.40100 -17.31000 -5.66000 NaN 0.68000 0.57000 NaN 3607
175.99500 -38.69200 2.74000 -1.74000 NaN 1.31000 1.44000 NaN 2406
176.07308 -38.04782 2.00000 -3.48000 NaN 0.75000 0.90000 NaN 2383
175.86541 -38.21110 1.52000 -3.35000 NaN 1.40000 1.26000 NaN 2382
172.82430 -43.07790 -30.89000 -10.02000 NaN 0.58000 0.61000 NaN 1144
176.12378 -37.88920 3.80000 -3.72000 NaN 1.53000 1.22000 NaN eaxx
174.77000 -36.84100 1.54000 2.20000 NaN 1.90000 2.25000 NaN dd1y
176.08130 -38.15288 3.09000 -3.68000 NaN 1.03000 0.68000 NaN cbwu
174.95300 -41.02000 -17.91000 -5.01000 NaN 1.80000 1.80000 NaN bevk
175.87752 -37.89432 0.99000 -1.96000 NaN 0.85000 0.59000 NaN b4dp
176.03008 -38.38749 8.68000 -8.43000 NaN 1.74000 1.48000 NaN ah9j
169.25068 -44.19470 -21.57000 -10.10000 NaN 0.62000 0.81000 NaN aady
176.01788 -38.35959 6.35000 -6.89000 NaN 1.52000 1.32000 NaN a87p
175.58500 -41.06200 -26.14000 -11.30000 NaN 3.06000 1.52000 NaN a2rf
175.14300 -41.15000 -24.50000 -8.59000 NaN 0.60000 0.69000 NaN 8301
176.68470 -37.98210 2.18000 -9.84000 NaN 2.31000 1.88000 NaN 6881
172.02050 -42.45600 -7.79000 -1.40000 NaN 0.50000 0.61000 NaN 6794
172.74620 -42.21250 -12.93000 -2.83000 NaN 0.43000 0.44000 NaN 6793
172.37500 -42.53100 -15.31000 -6.03000 NaN 0.50000 0.74000 NaN 6792
172.39380 -42.47480 -13.97000 -4.55000 NaN 0.74000 0.64000 NaN 6791
171.80430 -42.55530 -7.84000 -1.76000 NaN 0.50000 0.57000 NaN 6790
171.85400 -42.09550 -5.06000 -0.69000 NaN 0.48000 0.51000 NaN 6788
171.90640 -41.87690 -4.06000 0.38000 NaN 0.40000 0.50000 NaN 6787
171.66530 -42.29030 -4.38000 -0.81000 NaN 0.43000 0.53000 NaN 6786
171.68340 -42.45050 -5.45000 -0.63000 NaN 0.59000 0.59000 NaN 6784
171.46620 -41.74910 -2.70000 -0.60000 NaN 0.47000 0.46000 NaN 6776
172.82530 -42.47690 -22.16000 -8.46000 NaN 1.12000 0.68000 NaN 6774
172.37630 -42.58540 -15.32000 -6.52000 NaN 2.11000 2.39000 NaN 6771
172.54500 -42.59570 -19.63000 -9.29000 NaN 1.54000 2.24000 NaN 6770
172.77640 -42.58330 -24.30000 -9.56000 NaN 0.98000 0.76000 NaN 6769
172.80050 -42.68890 -26.56000 -10.31000 NaN 0.66000 0.90000 NaN 6767
172.40070 -42.37920 -11.91000 -2.99000 NaN 0.56000 0.55000 NaN 6757
172.51800 -42.25690 -9.77000 -2.06000 NaN 0.59000 0.49000 NaN 6754
169.85600 -43.66600 -18.65000 -4.80000 NaN 1.70000 1.73000 NaN 6732
169.77100 -43.60600 -13.97000 -2.71000 NaN 2.03000 2.16000 NaN 6720
174.83100 -36.60000 0.57000 -0.07000 NaN 0.63000 0.61000 NaN 5515
172.32040 -43.08330 -28.45000 -10.20000 NaN 0.55000 0.57000 NaN 5007
172.51590 -42.00840 -7.57000 -0.19000 NaN 0.54000 0.48000 NaN 3662
172.77330 -42.30370 -15.14000 -4.32000 NaN 0.50000 0.63000 NaN 3624
171.48250 -42.74450 -8.48000 -0.94000 NaN 0.48000 0.56000 NaN 3508
171.44360 -42.72380 -7.12000 -0.71000 NaN 0.54000 0.50000 NaN 3501
176.32070 -38.24920 1.20000 -6.04000 NaN 0.65000 0.72000 NaN 3094
176.29830 -38.23350 3.16000 -6.02000 NaN 0.92000 0.61000 NaN 3093
176.38810 -38.31920 0.30000 -5.62000 NaN 0.71000 0.63000 NaN 3081
176.50170 -38.27760 0.78000 -7.43000 NaN 0.46000 0.48000 NaN 3080
176.50030 -38.31830 0.86000 -8.02000 NaN 0.78000 0.74000 NaN 3079
176.45980 -38.31120 0.98000 -6.87000 NaN 0.70000 0.62000 NaN 3078
176.42830 -38.30510 0.46000 -6.37000 NaN 0.68000 0.66000 NaN 3077
176.32910 -38.26400 0.73000 -4.42000 NaN 0.73000 0.66000 NaN 3067
176.32350 -38.29170 1.91000 -4.27000 NaN 0.57000 0.73000 NaN 3066
176.27790 -38.28500 3.05000 -3.73000 NaN 0.72000 0.86000 NaN 3063
176.24830 -38.30540 2.88000 -4.60000 NaN 0.78000 0.72000 NaN 3061
176.34590 -38.24630 0.21000 -6.73000 NaN 0.74000 0.66000 NaN 3056
176.28220 -38.24860 2.92000 -5.45000 NaN 0.83000 0.60000 NaN 3052
176.27250 -38.21660 3.25000 -6.73000 NaN 0.54000 0.49000 NaN 3051
176.46830 -38.28070 0.09000 -6.76000 NaN 0.55000 0.61000 NaN 3006
176.40690 -38.27190 3.45000 -4.64000 NaN 0.82000 0.77000 NaN 3002
174.12488 -39.04280 -1.26000 0.30000 NaN 1.16000 0.99000 NaN 2404
176.64110 -38.16730 3.35000 -9.23000 NaN 0.69000 0.81000 NaN 2351
176.52210 -38.17360 3.09000 -8.49000 NaN 0.77000 1.15000 NaN 2350
176.40480 -38.15700 3.28000 -6.15000 NaN 0.89000 0.97000 NaN 2348
176.31810 -38.15820 1.21000 -7.24000 NaN 0.73000 0.80000 NaN 2344
175.63626 -38.40273 0.59000 -4.36000 NaN 2.26000 1.86000 NaN 2328
176.63440 -38.48470 3.33000 -11.17000 NaN 0.62000 0.95000 NaN 2318
176.20860 -38.44240 -0.87000 -5.85000 NaN 0.95000 0.69000 NaN 2313
176.22110 -38.36930 0.77000 -7.05000 NaN 1.02000 0.83000 NaN 2309
176.11100 -38.36520 5.77000 -7.57000 NaN 0.91000 0.87000 NaN 2308
175.65676 -38.71729 0.18000 -3.59000 NaN 1.37000 1.28000 NaN 2104
175.86728 -38.50215 -0.52000 -4.64000 NaN 1.33000 1.18000 NaN 2017
175.79640 -38.61341 0.21000 -2.69000 NaN 1.00000 0.49000 NaN 2003
173.11650 -42.92610 -31.29000 -11.29000 NaN 0.60000 0.92000 NaN 1436
172.11730 -41.72940 -4.84000 -0.14000 NaN 0.43000 0.48000 NaN 1433
172.06350 -41.58350 -3.55000 0.55000 NaN 0.45000 0.45000 NaN 1432
172.77141 -34.46658 0.05000 -0.55000 NaN 0.39000 0.43000 NaN 1394
173.88177 -35.04544 0.44000 -0.44000 NaN 0.88000 0.70000 NaN 1384
174.51436 -35.61723 -0.96000 1.32000 NaN 0.59000 0.70000 NaN 1367
173.76942 -35.96210 -0.12000 -0.69000 NaN 0.42000 0.36000 NaN 1361
175.51860 -36.33305 0.39000 -0.73000 NaN 0.54000 0.51000 NaN 1344
178.40700 -37.82500 7.32000 -20.12000 NaN 0.51000 0.49000 NaN 1305
176.19790 -38.11840 2.16000 -3.05000 NaN 0.69000 0.58000 NaN 1291
176.00253 -38.43249 5.24000 -4.84000 NaN 0.95000 0.68000 NaN 1277
174.52429 -39.08102 -0.29000 -1.98000 NaN 0.61000 0.53000 NaN 1262
174.22821 -39.13399 -1.06000 -1.19000 NaN 0.40000 0.40000 NaN 1259
174.39472 -39.28535 -1.64000 -1.08000 NaN 0.58000 0.61000 NaN 1256
174.10242 -39.31119 -0.85000 -1.56000 NaN 0.72000 0.77000 NaN 1255
174.68029 -39.38307 -2.24000 -1.62000 NaN 1.73000 1.96000 NaN 1254
174.42338 -39.48168 -2.20000 -0.98000 NaN 0.54000 0.55000 NaN 1245
174.19456 -39.55399 -1.91000 -0.21000 NaN 0.60000 0.53000 NaN 1243
174.52047 -39.62978 -2.20000 -1.08000 NaN 0.69000 0.57000 NaN 1242
174.95089 -39.72123 -1.96000 -2.98000 NaN 0.83000 0.74000 NaN 1240
176.87200 -39.79500 -9.23000 -14.02000 NaN 0.55000 0.58000 NaN 1238
175.39900 -41.19200 -28.97000 -10.13000 NaN 0.46000 0.41000 NaN 1213
173.43240 -41.27550 -7.44000 -0.82000 NaN 0.44000 0.45000 NaN 1210
174.62800 -41.27700 -18.73000 -4.38000 NaN 0.56000 0.57000 NaN 1209
172.98450 -41.33300 -6.29000 -0.16000 NaN 0.48000 0.42000 NaN 1204
172.82770 -41.52530 -6.73000 0.02000 NaN 0.52000 0.51000 NaN 1196
174.02220 -41.34780 -11.84000 -2.40000 NaN 0.51000 0.45000 NaN 1195
173.39590 -41.47410 -8.78000 -0.72000 NaN 0.51000 0.48000 NaN 1192
173.80220 -41.54280 -12.23000 -2.43000 NaN 0.50000 0.55000 NaN 1190
172.54130 -41.55200 -6.23000 0.28000 NaN 0.48000 0.44000 NaN 1189
173.99760 -41.61580 -16.66000 -4.82000 NaN 0.44000 0.48000 NaN 1188
173.05790 -41.62680 -8.11000 -0.46000 NaN 0.66000 0.53000 NaN 1187
172.76220 -41.69860 -6.89000 0.53000 NaN 0.56000 0.47000 NaN 1186
173.39510 -41.70010 -11.81000 -1.44000 NaN 0.45000 0.43000 NaN 1185
172.27990 -41.72170 -5.01000 0.08000 NaN 0.47000 0.47000 NaN 1182
172.49950 -41.72910 -6.92000 1.07000 NaN 0.55000 0.52000 NaN 1181
172.11840 -42.02950 -5.54000 -0.33000 NaN 0.45000 0.43000 NaN 1175
172.35910 -41.82090 -5.99000 0.29000 NaN 0.45000 0.46000 NaN 1174
173.34600 -41.95830 -15.49000 -3.56000 NaN 0.46000 0.43000 NaN 1173
173.60160 -41.97800 -21.63000 -6.41000 NaN 0.49000 0.55000 NaN 1172
173.42910 -42.13470 -21.16000 -7.08000 NaN 0.49000 0.51000 NaN 1168
173.22410 -42.27190 -20.98000 -6.60000 NaN 0.43000 0.45000 NaN 1166
173.61190 -42.31090 -26.88000 -10.10000 NaN 0.54000 0.70000 NaN 1165
173.69690 -42.42050 -30.11000 -11.00000 NaN 0.94000 1.03000 NaN 1163
172.93550 -42.47350 -22.34000 -7.81000 NaN 0.54000 0.41000 NaN 1162
173.01030 -42.68740 -28.21000 -10.18000 NaN 0.54000 0.43000 NaN 1153
172.64260 -42.74430 -25.20000 -9.89000 NaN 0.74000 0.76000 NaN 1152
173.02570 -42.78610 -29.34000 -11.52000 NaN 0.70000 0.51000 NaN 1151
172.69250 -42.83800 -28.28000 -10.74000 NaN 0.79000 1.09000 NaN 1148
172.50280 -42.89420 -27.01000 -10.76000 NaN 0.60000 0.60000 NaN 1147
172.81300 -42.90710 -29.36000 -11.40000 NaN 0.76000 0.96000 NaN 1146
172.69290 -42.98740 -29.36000 -9.66000 NaN 0.64000 0.81000 NaN 1145
172.54840 -43.11770 -29.91000 -10.43000 NaN 0.56000 0.64000 NaN 1142
175.75225 -38.35663 2.46000 -4.94000 NaN 1.45000 1.15000 NaN eay7
175.79782 -38.42500 1.40000 -3.79000 NaN 1.53000 1.34000 NaN eay6
176.81940 -38.11360 5.06000 -13.54000 NaN 2.49000 1.85000 NaN eaxy
176.16320 -38.41070 4.19000 -7.78000 NaN 2.02000 1.67000 NaN e4mh
175.64837 -38.36022 0.73000 -2.63000 NaN 1.37000 1.19000 NaN dtkd
172.65000 -42.05320 -8.63000 -0.02000 NaN 0.67000 0.77000 NaN dn4j
173.37350 -42.61580 -29.65000 -9.37000 NaN 0.61000 0.70000 NaN ddau
174.03066 -39.05761 -0.60000 -1.19000 NaN 0.81000 0.84000 NaN d1jx
176.52200 -38.22920 0.04000 -6.06000 NaN 0.77000 0.85000 NaN cbww
176.56080 -38.40790 2.54000 -9.63000 NaN 0.56000 0.73000 NaN cbwv
176.75300 -38.25660 3.63000 -11.72000 NaN 0.73000 0.68000 NaN cbwr
173.80560 -41.74530 -17.16000 -5.13000 NaN 0.47000 0.48000 NaN blbh
176.09810 -38.40700 6.24000 -6.80000 NaN 0.48000 0.46000 NaN bevj
175.39432 -38.49848 0.51000 -3.55000 NaN 2.09000 2.10000 NaN be4c
176.30280 -38.47680 -0.30000 -7.44000 NaN 0.79000 0.90000 NaN be2t
175.42500 -40.41000 -13.17000 -4.56000 NaN 0.44000 0.58000 NaN bdh9
174.16000 -41.02660 -10.32000 -1.52000 NaN 0.50000 0.58000 NaN b8y5
169.04498 -43.88000 -9.16000 -3.71000 NaN 0.72000 0.65000 NaN b8nc
169.04636 -43.86093 -8.38000 -1.61000 NaN 0.70000 0.62000 NaN b8na
169.39962 -43.99913 -21.56000 -9.84000 NaN 0.62000 0.60000 NaN b8lg
169.23993 -43.96076 -17.16000 -6.48000 NaN 0.49000 0.54000 NaN b8kt
169.14439 -43.94258 -12.98000 -4.88000 NaN 0.97000 0.70000 NaN b8kf
176.25250 -38.13040 4.93000 -8.11000 NaN 1.42000 1.76000 NaN b4hj
175.20446 -38.68667 0.91000 -2.84000 NaN 0.87000 0.86000 NaN b4au
177.52004 -37.92526 3.03000 -15.63000 NaN 0.99000 1.26000 NaN b34a
174.45817 -39.73995 -3.31000 -0.64000 NaN 1.61000 0.78000 NaN b2x8
174.45136 -35.91812 0.09000 -0.94000 NaN 0.63000 0.47000 NaN b2fq
174.21400 -41.74900 -24.94000 -7.19000 NaN 0.58000 0.54000 NaN b28c
176.25470 -38.16890 4.86000 -7.44000 NaN 0.91000 0.83000 NaN b26q
172.31120 -41.06280 -3.53000 0.35000 NaN 0.52000 0.43000 NaN b1tf
172.68170 -41.21790 -4.83000 0.57000 NaN 0.54000 0.83000 NaN b1rg
175.75800 -40.38000 -15.96000 -6.92000 NaN 0.46000 0.65000 NaN b1ct
172.99450 -41.12380 -4.89000 0.10000 NaN 0.62000 0.49000 NaN ahm8
175.90147 -38.54245 7.94000 -2.35000 NaN 2.58000 2.14000 NaN ahby
175.66417 -38.26723 -2.12000 -2.62000 NaN 0.70000 0.93000 NaN ah4q
175.14529 -38.31455 -0.45000 -1.66000 NaN 0.86000 0.62000 NaN ah33
176.53450 -38.03640 2.14000 -8.09000 NaN 0.98000 1.08000 NaN agug
176.48780 -38.47250 1.51000 -10.81000 NaN 1.61000 1.82000 NaN agb9
172.37600 -42.58500 -16.81000 -6.41000 NaN 0.66000 0.74000 NaN aemr
172.19950 -42.31190 -6.88000 -0.58000 NaN 0.58000 0.60000 NaN aecd
173.92430 -42.15570 -28.56000 -10.15000 NaN 0.47000 0.58000 NaN ae20
172.23670 -42.14800 -6.15000 -0.62000 NaN 0.46000 0.46000 NaN adwd
173.21570 -41.30100 -7.14000 -0.37000 NaN 0.38000 0.37000 NaN adw0
172.78200 -41.77590 -8.20000 0.11000 NaN 0.51000 0.46000 NaN adtf
172.69120 -41.10910 -4.81000 0.23000 NaN 0.48000 0.44000 NaN adj4
173.57880 -41.24090 -8.60000 -1.23000 NaN 0.66000 0.39000 NaN acc5
172.10810 -41.16840 -2.66000 -0.22000 NaN 0.59000 0.49000 NaN ac7w
172.38350 -40.68790 -2.71000 0.52000 NaN 0.38000 0.44000 NaN ac7m
172.70980 -40.51200 -2.73000 0.40000 NaN 0.49000 0.54000 NaN ac7g
174.13670 -41.82260 -23.67000 -8.20000 NaN 0.60000 0.58000 NaN ac76
173.37160 -42.03200 -17.96000 -5.01000 NaN 0.50000 0.54000 NaN ac73
173.34760 -41.62550 -9.54000 -0.75000 NaN 0.48000 0.45000 NaN ac72
173.19400 -42.48830 -26.02000 -9.06000 NaN 0.45000 0.60000 NaN ac6k
173.24810 -42.41600 -24.90000 -8.66000 NaN 0.44000 0.45000 NaN ac68
176.11204 -37.73339 6.04000 -2.23000 NaN 2.47000 1.11000 NaN ab5p
173.43050 -42.39040 -26.95000 -9.20000 NaN 0.48000 0.50000 NaN aayd
174.46975 -35.85196 1.77000 1.77000 NaN 1.97000 1.90000 NaN aav5
173.43410 -42.36620 -26.15000 -9.38000 NaN 0.46000 0.47000 NaN aaup
173.01380 -42.32040 -20.02000 -5.93000 NaN 0.46000 0.48000 NaN aarc
173.07530 -42.19720 -17.76000 -5.11000 NaN 0.51000 0.61000 NaN aara
173.88900 -41.94830 -23.03000 -8.75000 NaN 0.51000 0.55000 NaN aar8
174.00600 -41.87910 -22.55000 -7.65000 NaN 0.78000 0.86000 NaN aar7
173.08000 -41.90400 -11.12000 -1.14000 NaN 0.43000 0.48000 NaN aaqy
173.66920 -41.86930 -18.23000 -5.46000 NaN 0.58000 0.57000 NaN aaqt
173.78360 -35.40843 0.02000 -0.17000 NaN 0.50000 0.43000 NaN aaju
174.24820 -36.45239 -0.05000 -0.82000 NaN 0.58000 0.47000 NaN aaey
169.38411 -44.38171 -26.32000 -12.20000 NaN 0.52000 0.50000 NaN aa8v
175.33306 -36.48799 0.90000 -1.11000 NaN 0.49000 0.61000 NaN a9mt
176.73710 -38.07650 3.33000 -9.40000 NaN 0.87000 0.77000 NaN a9bm
175.94753 -38.44014 6.65000 -3.25000 NaN 0.98000 1.36000 NaN a934
175.74295 -38.64281 -1.72000 -0.91000 NaN 1.84000 1.84000 NaN a8yc
171.14450 -42.55820 -3.14000 -1.59000 NaN 0.48000 0.57000 NaN a8je
174.17120 -41.84850 -24.62000 -7.97000 NaN 0.65000 0.59000 NaN a8gq
174.02900 -41.78160 -20.93000 -7.51000 NaN 0.76000 0.64000 NaN a8gb
176.28770 -38.35200 0.71000 -4.69000 NaN 0.85000 0.86000 NaN a88h
176.30070 -38.33760 1.52000 -4.26000 NaN 0.93000 0.86000 NaN a88g
176.15820 -38.36430 6.72000 -9.75000 NaN 2.12000 1.69000 NaN a886
176.13770 -38.30200 7.05000 -8.87000 NaN 1.98000 1.77000 NaN a86w
176.21430 -38.32890 3.55000 -7.77000 NaN 1.45000 1.24000 NaN a86t
176.16900 -38.31400 5.42000 -7.37000 NaN 1.08000 0.74000 NaN a86l
176.09785 -38.31966 5.81000 -8.71000 NaN 1.93000 1.74000 NaN a86g
176.82720 -38.37570 1.65000 -12.79000 NaN 1.27000 0.94000 NaN a7lj
176.73400 -38.37640 4.15000 -11.76000 NaN 0.65000 0.66000 NaN a7lf
173.69570 -41.41050 -9.82000 -1.55000 NaN 0.53000 0.48000 NaN a7fm
173.85496 -39.24056 -1.53000 -0.49000 NaN 0.58000 0.61000 NaN a7d5
174.70194 -39.57802 -1.10000 -2.45000 NaN 0.74000 0.73000 NaN a78c
174.99397 -39.53519 -0.95000 -3.14000 NaN 0.75000 0.69000 NaN a78a
172.67220 -40.71300 -2.92000 0.23000 NaN 0.58000 0.54000 NaN a70x
173.13160 -41.49270 -7.89000 -0.03000 NaN 0.47000 0.47000 NaN a6w1
172.37890 -41.24080 -3.67000 -0.15000 NaN 0.44000 0.43000 NaN a6p7
173.23110 -42.84380 -31.70000 -11.56000 NaN 0.62000 0.64000 NaN a6nf
172.60310 -41.03480 -4.19000 0.31000 NaN 0.44000 0.40000 NaN a6m0
172.23910 -41.40590 -4.08000 0.89000 NaN 0.51000 0.58000 NaN a6ju
176.19800 -39.92000 -7.87000 -9.72000 NaN 0.83000 0.59000 NaN a6gp
172.50860 -41.42450 -5.57000 0.48000 NaN 0.46000 0.49000 NaN a68v
172.85040 -40.93420 -4.35000 0.36000 NaN 0.42000 0.42000 NaN a598
172.62130 -40.87670 -3.58000 0.51000 NaN 0.42000 0.48000 NaN a593
172.28040 -40.87260 -2.91000 0.22000 NaN 0.43000 0.49000 NaN a4uh
175.24000 -40.58900 -14.46000 -4.74000 NaN 0.42000 0.41000 NaN a4ne
176.39320 -37.86280 2.20000 -4.55000 NaN 1.91000 1.47000 NaN a4k6
176.72700 -39.61700 -4.32000 -13.43000 NaN 1.88000 2.54000 NaN a4f2
176.93700 -39.33300 -0.93000 -16.82000 NaN 0.51000 0.72000 NaN a44v
173.94550 -41.85220 -21.44000 -7.35000 NaN 0.39000 0.54000 NaN a41n
174.76809 -39.09494 -1.98000 -2.51000 NaN 1.03000 0.79000 NaN a3yh
173.86787 -39.45920 -1.44000 -0.88000 NaN 0.66000 0.58000 NaN a3x8
173.54390 -41.74190 -14.08000 -2.66000 NaN 0.52000 0.47000 NaN a3uu
175.88500 -40.77900 -25.14000 -9.98000 NaN 0.52000 0.51000 NaN a35j
175.00002 -37.58938 -0.29000 -1.15000 NaN 0.37000 0.40000 NaN a33d
173.82310 -40.96330 -7.88000 -1.15000 NaN 0.51000 0.47000 NaN a26y
170.59700 -45.88300 -29.38000 -11.62000 NaN 0.75000 0.68000 NaN a24c
174.72566 -38.30221 -2.38000 -1.12000 NaN 0.94000 0.82000 NaN a1yc
169.41631 -44.31289 -25.26000 -12.18000 NaN 0.45000 0.53000 NaN a07h
169.07449 -43.91096 -11.06000 -5.43000 NaN 0.94000 0.91000 NaN a071
169.35868 -44.10025 -22.15000 -9.18000 NaN 0.60000 0.46000 NaN a00f
175.55300 -39.23600 1.01000 -3.52000 NaN 0.74000 0.49000 NaN 9211
176.00900 -38.73400 4.95000 -5.28000 NaN 1.42000 1.10000 NaN 9204
175.61500 -39.27800 -0.51000 -2.81000 NaN 0.80000 0.63000 NaN 9203
175.52700 -39.30300 -0.05000 -2.62000 NaN 0.62000 0.61000 NaN 9202
174.87400 -41.33400 -25.27000 -8.82000 NaN 1.20000 1.28000 NaN 8801
175.27300 -41.09300 -25.35000 -8.43000 NaN 0.47000 0.62000 NaN 8411
175.03800 -41.21900 -25.39000 -8.95000 NaN 1.29000 1.41000 NaN 8304
174.92900 -41.23500 -23.79000 -7.79000 NaN 0.52000 0.62000 NaN 8208
174.80400 -41.15500 -18.93000 -5.23000 NaN 0.76000 0.63000 NaN 8202
174.64600 -41.31100 -20.65000 -6.91000 NaN 1.07000 0.88000 NaN 8121
175.50600 -40.97400 -24.60000 -9.44000 NaN 1.64000 1.36000 NaN 7802
175.10500 -41.11500 -22.35000 -7.58000 NaN 0.57000 0.46000 NaN 7505
175.07900 -41.07700 -20.49000 -6.89000 NaN 0.67000 0.56000 NaN 7501
174.97800 -41.01300 -18.43000 -5.51000 NaN 0.45000 0.48000 NaN 7407
175.00100 -41.11400 -20.67000 -6.20000 NaN 0.59000 0.68000 NaN 7402
176.78500 -37.95300 5.58000 -14.27000 NaN 1.33000 1.27000 NaN 6891
176.72500 -37.91600 1.63000 -6.36000 NaN 2.02000 1.79000 NaN 6851
170.29300 -43.81600 -25.23000 -10.78000 NaN 0.58000 0.84000 NaN 6740
169.21300 -43.77400 -7.91000 -0.89000 NaN 0.60000 0.55000 NaN 6739
169.67900 -43.57500 -7.39000 -0.84000 NaN 0.62000 0.68000 NaN 6738
169.79400 -43.57100 -10.24000 -1.91000 NaN 0.57000 0.63000 NaN 6737
169.91000 -43.49000 -8.17000 -0.92000 NaN 0.71000 0.79000 NaN 6736
169.93900 -43.72500 -20.16000 -7.63000 NaN 0.58000 0.74000 NaN 6735
169.99800 -43.65800 -19.39000 -7.46000 NaN 0.84000 0.71000 NaN 6734
169.95800 -43.60600 -16.50000 -4.39000 NaN 0.57000 0.63000 NaN 6733
169.36600 -43.87200 -16.01000 -5.38000 NaN 0.54000 0.75000 NaN 6730
169.33800 -43.81500 -13.22000 -3.91000 NaN 0.52000 0.53000 NaN 6729
169.44700 -43.75200 -11.98000 -2.82000 NaN 0.56000 0.46000 NaN 6726
169.38400 -43.65000 -6.65000 -0.94000 NaN 0.58000 0.66000 NaN 6725
169.47200 -43.66900 -8.04000 -1.58000 NaN 0.70000 0.68000 NaN 6724
169.55600 -43.58800 -6.88000 -0.58000 NaN 0.74000 1.05000 NaN 6723
169.65400 -43.65200 -11.55000 -2.25000 NaN 0.61000 0.95000 NaN 6722
169.94400 -43.56600 -13.85000 -3.46000 NaN 0.56000 0.70000 NaN 6719
169.80600 -43.51600 -10.01000 -0.74000 NaN 1.76000 1.27000 NaN 6718
169.77400 -43.44700 -5.82000 -0.86000 NaN 0.63000 0.50000 NaN 6717
169.85400 -43.39600 -5.47000 -0.88000 NaN 0.61000 0.52000 NaN 6716
169.96000 -43.45600 -8.66000 -1.46000 NaN 0.42000 0.53000 NaN 6715
170.00100 -43.49500 -12.25000 -0.92000 NaN 0.61000 0.80000 NaN 6714
170.14900 -43.45600 -12.66000 -0.49000 NaN 0.55000 0.65000 NaN 6713
170.05500 -43.28500 -5.38000 -0.50000 NaN 0.55000 0.74000 NaN 6712
170.13300 -43.23600 -4.91000 -0.44000 NaN 0.56000 0.83000 NaN 6711
170.11000 -43.85900 -24.14000 -10.25000 NaN 0.70000 0.77000 NaN 6709
170.13200 -43.99700 -26.24000 -11.07000 NaN 0.78000 0.75000 NaN 6708
170.13300 -44.10700 -28.63000 -12.44000 NaN 1.41000 2.34000 NaN 6707
170.21800 -43.64200 -23.74000 -8.62000 NaN 0.67000 0.67000 NaN 6706
170.32500 -43.97600 -27.36000 -12.05000 NaN 0.52000 0.67000 NaN 6705
170.48000 -44.22400 -30.13000 -11.81000 NaN 0.52000 0.82000 NaN 6704
170.79600 -44.27900 -30.99000 -12.24000 NaN 0.54000 0.52000 NaN 6703
170.45100 -43.87800 -26.92000 -11.80000 NaN 0.57000 0.62000 NaN 6701
169.15000 -52.54500 -19.30000 -14.28000 NaN 0.53000 0.62000 NaN 5514
171.31400 -43.29800 -24.45000 -9.52000 NaN 0.58000 0.63000 NaN 5512
171.35400 -43.23900 -24.49000 -9.50000 NaN 0.58000 0.63000 NaN 5511
168.25300 -46.53700 -26.64000 -12.76000 NaN 0.64000 0.66000 NaN 5509
172.74300 -43.58100 -32.94000 -10.74000 NaN 0.47000 0.49000 NaN 5508
166.22800 -50.51700 -24.60000 -18.00000 NaN 0.59000 0.54000 NaN 5507
167.94000 -29.03900 -0.42000 -0.41000 NaN 0.56000 0.50000 NaN 5506
183.42600 -43.95600 -34.18000 0.74000 NaN 1.53000 1.19000 NaN 5505
183.52200 -43.81900 -34.95000 -0.80000 NaN 2.47000 1.42000 NaN 5504
183.43400 -43.95600 -34.78000 -0.94000 NaN 1.22000 1.24000 NaN 5503
174.95200 -41.11400 -20.38000 -6.21000 NaN 0.49000 0.53000 NaN 5502
175.15500 -41.08800 -22.09000 -8.92000 NaN 0.84000 0.82000 NaN 5466
175.44700 -41.20400 -29.65000 -10.14000 NaN 0.58000 0.46000 NaN 5462
175.39100 -41.17000 -28.59000 -9.93000 NaN 0.57000 0.62000 NaN 5452
175.35300 -41.13500 -27.31000 -9.96000 NaN 0.47000 0.39000 NaN 5446
175.45000 -41.09000 -26.92000 -9.96000 NaN 0.53000 0.61000 NaN 5426
175.40500 -41.10800 -28.16000 -8.53000 NaN 1.34000 0.75000 NaN 5423
175.30900 -41.11000 -24.50000 -10.16000 NaN 0.49000 0.54000 NaN 5414
175.18500 -41.07900 -23.99000 -8.59000 NaN 0.91000 0.99000 NaN 5402
175.34700 -41.20300 -28.96000 -10.10000 NaN 0.80000 0.94000 NaN 5342
175.34300 -41.28400 -31.27000 -9.52000 NaN 0.40000 0.43000 NaN 5341
175.28400 -41.26100 -30.02000 -9.77000 NaN 0.51000 0.44000 NaN 5340
175.00900 -41.39000 -29.19000 -9.42000 NaN 0.59000 0.49000 NaN 5339
174.90200 -41.41800 -28.79000 -9.11000 NaN 0.47000 0.51000 NaN 5338
174.88100 -41.09000 -18.98000 -5.46000 NaN 0.49000 0.62000 NaN 5337
175.19700 -41.14500 -25.08000 -7.85000 NaN 0.53000 0.47000 NaN 5335
175.23000 -41.11900 -24.97000 -9.13000 NaN 0.51000 0.45000 NaN 5333
175.39400 -41.56700 -32.93000 -9.92000 NaN 0.49000 0.42000 NaN 5332
175.42600 -41.51300 -32.49000 -10.03000 NaN 0.56000 0.45000 NaN 5331
175.58500 -41.48700 -32.67000 -9.67000 NaN 0.55000 0.74000 NaN 5330
175.49700 -41.52600 -32.49000 -9.17000 NaN 0.47000 0.61000 NaN 5329
175.46800 -41.38200 -32.33000 -9.90000 NaN 0.49000 0.49000 NaN 5328
175.48000 -41.29300 -31.09000 -9.90000 NaN 0.43000 0.48000 NaN 5327
175.39400 -41.36600 -31.79000 -9.93000 NaN 0.53000 0.50000 NaN 5326
175.38300 -41.32300 -31.44000 -9.51000 NaN 0.51000 0.43000 NaN 5325
175.19800 -41.20900 -26.32000 -9.58000 NaN 0.75000 0.60000 NaN 5324
175.19600 -41.16600 -25.20000 -8.89000 NaN 0.51000 0.50000 NaN 5323
174.88400 -41.14100 -19.61000 -5.57000 NaN 0.46000 0.45000 NaN 5322
174.85600 -41.13100 -19.14000 -5.22000 NaN 0.51000 0.50000 NaN 5321
174.85400 -41.15600 -20.21000 -5.47000 NaN 0.54000 0.61000 NaN 5320
174.80400 -41.13300 -18.15000 -4.54000 NaN 0.41000 0.48000 NaN 5319
174.88000 -41.06000 -17.89000 -4.63000 NaN 0.45000 0.48000 NaN 5318
174.83900 -41.06200 -18.17000 -4.43000 NaN 0.57000 0.52000 NaN 5317
174.82300 -41.10900 -18.30000 -4.94000 NaN 0.66000 0.90000 NaN 5315
174.85500 -41.07500 -17.54000 -3.14000 NaN 2.49000 1.81000 NaN 5314
174.84800 -41.09400 -18.74000 -5.01000 NaN 0.46000 0.71000 NaN 5313
174.90200 -41.02500 -18.02000 -4.81000 NaN 0.54000 0.44000 NaN 5312
174.91400 -41.14200 -20.21000 -5.86000 NaN 0.59000 0.54000 NaN 5310
174.94900 -41.17000 -21.96000 -6.84000 NaN 0.45000 0.52000 NaN 5309
174.90600 -41.16300 -19.00000 -7.05000 NaN 2.46000 1.12000 NaN 5308
174.90700 -41.10500 -19.60000 -5.58000 NaN 0.49000 0.51000 NaN 5307
174.96800 -41.18500 -22.42000 -7.09000 NaN 0.50000 0.48000 NaN 5306
174.97100 -41.14500 -21.34000 -6.73000 NaN 0.52000 0.51000 NaN 5305
175.03200 -41.14800 -23.37000 -7.43000 NaN 0.49000 0.44000 NaN 5304
175.07200 -41.13600 -23.21000 -7.95000 NaN 0.59000 0.55000 NaN 5303
175.01100 -41.13700 -21.88000 -7.10000 NaN 0.43000 0.44000 NaN 5302
175.02800 -41.19100 -24.39000 -8.08000 NaN 0.42000 0.43000 NaN 5301
171.99500 -43.77600 -31.98000 -11.16000 NaN 0.46000 0.62000 NaN 5134
171.61100 -43.53800 -30.15000 -11.54000 NaN 0.51000 0.49000 NaN 5129
171.48300 -42.57400 -5.85000 -0.79000 NaN 0.54000 0.60000 NaN 5127
171.13700 -42.88800 -7.69000 -1.66000 NaN 0.53000 0.51000 NaN 5125
171.14000 -42.59400 -3.81000 -0.39000 NaN 0.70000 0.74000 NaN 5124
171.20600 -42.66200 -4.67000 -0.58000 NaN 0.78000 0.69000 NaN 5123
171.29100 -42.73600 -6.21000 -1.04000 NaN 0.63000 0.53000 NaN 5122
171.35000 -42.76800 -7.50000 -0.91000 NaN 0.63000 0.52000 NaN 5121
171.52300 -42.74400 -9.49000 -1.41000 NaN 0.56000 0.64000 NaN 5120
171.56500 -42.75900 -10.76000 -2.04000 NaN 0.60000 0.51000 NaN 5119
171.62400 -42.76900 -12.01000 -2.69000 NaN 0.62000 0.58000 NaN 5118
171.59800 -42.79000 -12.59000 -3.54000 NaN 0.56000 0.86000 NaN 5117
171.56100 -42.83200 -13.85000 -4.19000 NaN 0.69000 0.67000 NaN 5116
171.55900 -42.90800 -17.44000 -4.83000 NaN 0.67000 0.52000 NaN 5112
171.56900 -42.95000 -18.64000 -4.95000 NaN 0.74000 0.59000 NaN 5111
171.59200 -42.98200 -20.16000 -5.84000 NaN 0.55000 0.52000 NaN 5110
171.58900 -43.00900 -21.22000 -6.43000 NaN 0.49000 0.58000 NaN 5109
171.73500 -43.00800 -22.70000 -9.58000 NaN 2.06000 2.16000 NaN 5107
171.77900 -43.09200 -24.74000 -9.03000 NaN 0.56000 0.52000 NaN 5106
171.72500 -43.21300 -26.35000 -9.66000 NaN 0.56000 0.59000 NaN 5105
171.71000 -43.29400 -27.60000 -10.49000 NaN 0.53000 0.61000 NaN 5104
171.87500 -43.33000 -29.82000 -10.93000 NaN 0.64000 0.63000 NaN 5103
172.00300 -43.38000 -30.78000 -10.70000 NaN 0.55000 0.52000 NaN 5102
172.11800 -43.50200 -31.47000 -10.81000 NaN 0.62000 0.66000 NaN 5101
175.41700 -40.87300 -20.63000 -8.60000 NaN 0.55000 0.45000 NaN 5078
171.55700 -42.88300 -15.71000 -4.72000 NaN 0.87000 0.57000 NaN 5009
172.67300 -43.79400 -32.03000 -10.29000 NaN 0.51000 0.51000 NaN 5006
173.09000 -43.76400 -32.43000 -10.24000 NaN 0.64000 0.64000 NaN 5005
172.97400 -43.88500 -32.22000 -10.48000 NaN 0.55000 0.61000 NaN 5004
171.43000 -43.17500 -22.90000 -8.99000 NaN 0.54000 0.55000 NaN 5003
171.52800 -43.24800 -26.06000 -10.25000 NaN 0.45000 0.52000 NaN 5002
171.48300 -42.78500 -8.36000 -1.61000 NaN 2.10000 1.43000 NaN 5001
169.99400 -44.44200 -29.33000 -14.60000 NaN 1.55000 1.44000 NaN 4115
169.99800 -44.31400 -27.60000 -12.30000 NaN 1.23000 1.08000 NaN 4044
170.11200 -44.14100 -27.74000 -11.16000 NaN 0.50000 0.55000 NaN 4036
170.26900 -44.10500 -28.61000 -12.01000 NaN 0.70000 0.65000 NaN 4024
170.05100 -44.24300 -28.39000 -12.32000 NaN 0.46000 0.46000 NaN 4001
175.25400 -41.14000 -25.55000 -9.43000 NaN 0.50000 0.40000 NaN 3564
175.25300 -41.15200 -24.87000 -9.95000 NaN 0.83000 0.67000 NaN 3544
175.26800 -41.16000 -25.72000 -9.99000 NaN 0.49000 0.48000 NaN 3543
175.08800 -41.10600 -22.31000 -7.36000 NaN 0.84000 0.61000 NaN 3528
175.08900 -41.10500 -24.60000 -6.46000 NaN 2.34000 1.42000 NaN 3524
171.48600 -42.73300 -8.06000 -1.24000 NaN 0.56000 0.53000 NaN 3512
171.46200 -42.70800 -7.83000 0.72000 NaN 1.40000 1.17000 NaN 3503
171.45900 -42.73900 -7.55000 -0.67000 NaN 0.57000 0.59000 NaN 3502
176.22900 -38.25600 6.57000 -6.54000 NaN 0.83000 0.71000 NaN 3060
176.70300 -38.45400 3.97000 -10.94000 NaN 1.01000 1.04000 NaN 2405
177.00900 -37.95500 5.08000 -13.91000 NaN 1.07000 1.18000 NaN 2402
176.64400 -38.60800 2.77000 -11.21000 NaN 0.97000 1.02000 NaN 2398
176.89200 -39.23400 0.88000 -16.76000 NaN 0.60000 0.79000 NaN 2393
176.81900 -39.02900 1.53000 -14.50000 NaN 0.99000 0.59000 NaN 2392
177.17800 -38.81500 2.32000 -17.16000 NaN 0.80000 0.69000 NaN 2389
176.63000 -39.17900 1.31000 -13.45000 NaN 0.68000 0.55000 NaN 2386
176.23600 -38.58500 1.00000 -6.24000 NaN 1.26000 0.83000 NaN 2373
176.09400 -38.63300 -0.94000 -4.03000 NaN 0.55000 0.75000 NaN 2353
176.51700 -38.02600 2.84000 -2.68000 NaN 1.24000 1.43000 NaN 2346
176.51000 -38.83100 3.44000 -10.82000 NaN 0.62000 0.62000 NaN 2345
176.28800 -38.38600 0.31000 -6.75000 NaN 0.90000 0.87000 NaN 2311
176.58400 -38.28600 0.47000 -7.78000 NaN 0.93000 1.00000 NaN 2306
176.26000 -38.89000 3.99000 -9.61000 NaN 0.52000 0.66000 NaN 2275
175.98600 -38.59800 5.16000 -3.54000 NaN 2.56000 2.36000 NaN 2164
176.15600 -38.52100 1.19000 -2.89000 NaN 0.94000 0.82000 NaN 2137
176.02100 -38.51800 4.60000 -5.16000 NaN 1.16000 0.76000 NaN 2118
175.91500 -38.61600 0.94000 -3.20000 NaN 0.49000 0.53000 NaN 2085
176.21400 -38.79100 4.47000 -7.74000 NaN 0.77000 0.79000 NaN 2016
176.12100 -38.68600 -0.38000 -2.68000 NaN 1.28000 1.33000 NaN 2013
175.99700 -38.70900 4.06000 -1.54000 NaN 1.29000 1.54000 NaN 2012
176.03000 -38.65700 5.28000 -0.17000 NaN 1.77000 1.31000 NaN 2011
175.92700 -38.68300 1.65000 -0.58000 NaN 1.33000 0.88000 NaN 2010
175.95700 -38.66600 0.66000 -0.86000 NaN 1.07000 0.59000 NaN 2009
175.96700 -38.64400 3.43000 -2.39000 NaN 1.35000 1.14000 NaN 2008
175.88500 -38.62400 2.09000 -3.23000 NaN 0.94000 0.65000 NaN 2006
175.80500 -38.67200 0.59000 -2.97000 NaN 0.82000 0.72000 NaN 2004
175.74600 -38.61000 -0.60000 -3.77000 NaN 1.03000 0.85000 NaN 2001
177.66400 -38.30000 2.69000 -17.59000 NaN 0.77000 0.72000 NaN 1583
175.73700 -40.84900 -24.55000 -10.67000 NaN 0.69000 0.67000 NaN 1527
176.46900 -39.68800 -4.93000 -12.84000 NaN 0.59000 0.49000 NaN 1502
176.91700 -39.47900 -4.28000 -15.28000 NaN 0.60000 0.47000 NaN 1501
171.01300 -42.73400 -4.36000 0.10000 NaN 0.48000 0.43000 NaN 1421
170.83000 -42.95300 -5.87000 0.06000 NaN 0.46000 0.47000 NaN 1420
171.09600 -42.99600 -11.46000 -3.51000 NaN 0.63000 0.76000 NaN 1415
171.41900 -43.38600 -26.94000 -10.96000 NaN 0.58000 0.48000 NaN 1412
171.78600 -43.03600 -23.61000 -8.74000 NaN 0.70000 0.74000 NaN 1410
171.68900 -43.11300 -23.45000 -9.29000 NaN 0.63000 0.67000 NaN 1409
172.08600 -43.22300 -29.13000 -10.45000 NaN 0.48000 0.57000 NaN 1408
171.43400 -43.11400 -21.14000 -9.35000 NaN 0.55000 0.66000 NaN 1405
171.25700 -43.19600 -21.14000 -8.39000 NaN 0.59000 0.52000 NaN 1403
171.72300 -43.35600 -28.74000 -11.20000 NaN 0.59000 0.66000 NaN 1402
171.77000 -43.25800 -28.43000 -11.63000 NaN 0.92000 0.80000 NaN 1401
171.63500 -43.23300 -26.25000 -10.21000 NaN 0.69000 0.82000 NaN 1400
172.88800 -34.43200 0.08000 -0.54000 NaN 0.40000 0.41000 NaN 1396
177.76900 -37.82500 3.44000 -16.53000 NaN 0.72000 0.49000 NaN 1304
177.30800 -37.99500 4.56000 -14.69000 NaN 0.56000 0.74000 NaN 1297
178.34900 -38.07500 10.53000 -20.35000 NaN 0.53000 0.66000 NaN 1295
177.50900 -38.07500 2.60000 -15.76000 NaN 0.82000 0.84000 NaN 1294
177.86300 -38.10900 2.18000 -17.05000 NaN 0.70000 0.52000 NaN 1292
177.24400 -38.17500 2.10000 -16.69000 NaN 0.63000 1.13000 NaN 1285
176.85700 -38.35000 4.10000 -11.82000 NaN 1.68000 1.98000 NaN 1282
178.05700 -38.37200 0.92000 -18.13000 NaN 0.80000 0.58000 NaN 1281
178.32500 -38.39700 -1.10000 -18.61000 NaN 0.57000 0.52000 NaN 1279
176.44800 -38.54500 2.92000 -9.17000 NaN 0.91000 1.44000 NaN 1276
178.10200 -38.55800 -3.60000 -17.97000 NaN 0.55000 0.62000 NaN 1274
177.80500 -38.57500 1.11000 -17.92000 NaN 0.44000 0.47000 NaN 1273
177.13900 -38.57700 1.78000 -15.34000 NaN 0.76000 0.78000 NaN 1272
176.71300 -38.94300 2.55000 -12.92000 NaN 0.54000 0.47000 NaN 1263
175.63700 -39.12900 2.18000 -4.68000 NaN 0.77000 0.77000 NaN 1261
177.14800 -39.13000 0.65000 -18.23000 NaN 0.58000 0.74000 NaN 1260
175.19800 -39.46000 -1.48000 -3.02000 NaN 0.60000 0.67000 NaN 1252
175.73600 -39.54200 -1.79000 -4.74000 NaN 0.75000 0.49000 NaN 1244
175.48100 -39.75500 -3.27000 -3.66000 NaN 0.90000 0.64000 NaN 1239
176.49700 -40.00100 -10.97000 -11.98000 NaN 0.57000 0.49000 NaN 1236
176.78300 -40.09300 -10.95000 -16.15000 NaN 0.93000 0.67000 NaN 1235
176.33900 -40.18100 -13.28000 -11.45000 NaN 0.64000 0.56000 NaN 1233
175.88100 -40.21100 -11.95000 -8.19000 NaN 0.48000 0.56000 NaN 1232
175.48800 -40.24000 -9.45000 -4.55000 NaN 0.72000 0.60000 NaN 1231
176.45300 -40.38500 -18.82000 -13.11000 NaN 0.77000 0.66000 NaN 1230
175.25900 -40.49300 -12.83000 -4.22000 NaN 0.61000 0.52000 NaN 1229
175.62500 -40.51000 -17.52000 -5.81000 NaN 0.46000 0.46000 NaN 1228
176.00600 -40.58000 -22.88000 -10.25000 NaN 0.61000 0.56000 NaN 1227
175.44300 -40.79700 -19.85000 -7.81000 NaN 0.42000 0.40000 NaN 1226
173.86800 -40.85400 -6.39000 -0.84000 NaN 2.23000 1.38000 NaN 1224
175.39000 -41.07500 -24.82000 -9.76000 NaN 0.41000 0.41000 NaN 1222
175.51300 -41.12800 -28.66000 -10.64000 NaN 0.42000 0.51000 NaN 1216
175.65200 -41.18000 -29.77000 -10.90000 NaN 0.48000 0.42000 NaN 1215
174.87400 -41.18300 -21.24000 -6.47000 NaN 0.56000 0.57000 NaN 1214
174.77800 -41.23100 -20.57000 -6.13000 NaN 0.62000 0.45000 NaN 1212
174.82800 -41.29400 -23.75000 -7.64000 NaN 0.52000 0.55000 NaN 1207
174.71100 -41.34100 -22.72000 -7.16000 NaN 0.53000 0.46000 NaN 1202
175.33200 -41.39900 -31.91000 -8.94000 NaN 0.53000 0.58000 NaN 1193
172.73500 -42.01400 -10.59000 -0.73000 NaN 0.91000 0.86000 NaN 1171
172.38000 -43.27000 -30.98000 -10.54000 NaN 0.55000 0.48000 NaN 1132
172.13700 -43.38000 -31.38000 -11.29000 NaN 0.41000 0.44000 NaN 1131
171.74200 -43.46800 -30.04000 -11.42000 NaN 0.52000 0.54000 NaN 1123
171.36100 -43.74700 -30.99000 -11.98000 NaN 0.69000 0.81000 NaN 1115
171.56500 -44.00800 -31.94000 -11.81000 NaN 0.61000 0.59000 NaN 1112
171.29900 -44.20500 -31.65000 -11.95000 NaN 0.53000 0.57000 NaN 1109
171.10300 -44.09100 -31.16000 -11.94000 NaN 0.52000 0.90000 NaN 1108
170.92000 -44.12200 -30.82000 -11.18000 NaN 0.58000 0.64000 NaN 1107
170.27800 -44.13900 -27.85000 -11.35000 NaN 2.31000 1.39000 NaN 1105
171.25800 -44.44300 -31.34000 -11.91000 NaN 0.53000 0.66000 NaN 1104
171.05700 -44.40100 -31.11000 -12.05000 NaN 0.62000 0.58000 NaN 1103
170.60300 -44.30000 -30.50000 -11.85000 NaN 0.50000 0.56000 NaN 1102
170.65400 -44.96800 -32.13000 -12.35000 NaN 1.41000 1.31000 NaN 1097
170.96500 -44.83000 -31.91000 -10.11000 NaN 1.32000 1.19000 NaN 1094
170.69500 -44.74400 -30.84000 -12.60000 NaN 1.94000 1.73000 NaN 1093
170.84400 -45.37400 -29.74000 -9.79000 NaN 0.86000 0.71000 NaN 1092
170.32600 -44.80400 -30.69000 -13.99000 NaN 1.47000 1.51000 NaN 1065
169.76300 -44.73400 -28.54000 -13.02000 NaN 0.97000 1.31000 NaN 1064
169.37900 -44.48300 -26.38000 -12.40000 NaN 2.11000 2.24000 NaN 1063
169.76900 -44.31800 -27.29000 -13.11000 NaN 1.19000 1.26000 NaN 1062
169.19100 -44.87200 -28.00000 -10.87000 NaN 0.78000 0.67000 NaN 1043
169.19800 -45.38800 -28.01000 -13.31000 NaN 0.67000 0.71000 NaN 1017
167.73900 -45.56200 -24.64000 -11.48000 NaN 0.71000 0.75000 NaN 1004
167.65500 -45.31400 -23.78000 -3.16000 NaN 0.85000 1.30000 NaN 1002
170.70900 -44.52000 -31.16000 -12.13000 NaN 0.70000 0.84000 NaN eejg
176.67300 -37.86200 0.12000 -7.86000 NaN 2.41000 2.00000 NaN eay8
175.10900 -41.16800 -25.36000 -9.17000 NaN 1.83000 1.50000 NaN eaxw
175.32100 -41.60700 -33.61000 -10.31000 NaN 0.98000 1.48000 NaN eaxv
175.05100 -41.26300 -27.24000 -9.30000 NaN 1.38000 1.24000 NaN eaxu
175.40300 -41.45100 -33.73000 -10.26000 NaN 1.03000 1.25000 NaN eaxt
175.35600 -41.52300 -33.59000 -9.78000 NaN 1.42000 0.99000 NaN eaxr
175.79100 -41.17900 -29.30000 -11.31000 NaN 1.05000 1.19000 NaN eaxq
175.19700 -41.52300 -33.26000 -9.80000 NaN 1.16000 1.13000 NaN eaxp
174.70400 -41.23200 -19.47000 -5.43000 NaN 1.84000 0.91000 NaN eaxn
176.64400 -38.60800 3.39000 -11.01000 NaN 0.89000 0.65000 NaN dvmb
167.13500 -45.00400 -19.05000 -0.32000 NaN 1.64000 2.07000 NaN dn4g
175.54100 -40.92100 -23.51000 -9.70000 NaN 0.69000 0.60000 NaN dk29
176.03100 -40.88600 -25.97000 -9.14000 NaN 0.91000 0.84000 NaN dk1u
175.89100 -40.88300 -25.89000 -9.22000 NaN 0.63000 0.61000 NaN dk1r
176.06000 -40.71400 -25.77000 -9.59000 NaN 0.62000 0.71000 NaN dk1q
175.85700 -40.68200 -23.38000 -9.93000 NaN 0.73000 0.74000 NaN dk1p
176.02200 -40.30200 -17.55000 -9.04000 NaN 0.65000 0.69000 NaN dk1n
175.35000 -41.20400 -29.16000 -9.58000 NaN 0.67000 0.70000 NaN dk1g
171.73500 -42.71100 -10.99000 -2.05000 NaN 0.88000 0.84000 NaN dk0t
171.83200 -42.60700 -8.60000 -0.41000 NaN 0.81000 0.84000 NaN dk0r
171.49300 -42.99600 -18.61000 -5.31000 NaN 0.84000 0.92000 NaN dk0q
171.48800 -42.91900 -16.17000 -4.29000 NaN 0.86000 1.26000 NaN dk0p
171.87700 -42.69300 -12.69000 -2.52000 NaN 0.87000 0.87000 NaN dk0n
171.70800 -42.66900 -8.76000 -0.76000 NaN 0.88000 0.76000 NaN dk0m
171.79900 -42.78800 -16.99000 -3.34000 NaN 1.06000 1.11000 NaN dk0l
174.74900 -41.17800 -18.25000 -5.08000 NaN 1.78000 0.89000 NaN df6h
168.67000 -45.04300 -27.62000 -8.50000 NaN 1.67000 0.95000 NaN df5e
168.94500 -44.87200 -27.40000 -9.94000 NaN 0.99000 1.01000 NaN df5a
168.40900 -44.87300 -26.94000 -9.13000 NaN 1.01000 1.27000 NaN df59
168.78600 -44.49800 -23.89000 -8.15000 NaN 1.09000 1.34000 NaN df57
168.46900 -44.64400 -23.17000 -8.87000 NaN 1.02000 1.17000 NaN df56
168.96600 -44.16700 -19.91000 -6.26000 NaN 0.87000 1.01000 NaN df53
168.33800 -44.22900 -9.19000 -0.81000 NaN 0.99000 0.98000 NaN df52
168.68500 -44.27200 -17.81000 -7.15000 NaN 1.06000 1.12000 NaN df51
167.86800 -44.78500 -25.18000 -6.50000 NaN 0.87000 0.95000 NaN df50
167.96700 -44.99700 -30.44000 -8.06000 NaN 1.30000 1.16000 NaN df4y
167.37800 -45.69300 -24.15000 -8.77000 NaN 1.36000 1.82000 NaN df4x
167.41100 -45.46000 -22.44000 -6.51000 NaN 1.40000 1.23000 NaN df4w
167.55900 -45.40200 -23.06000 -4.23000 NaN 1.24000 1.33000 NaN df4v
167.18000 -45.34300 -21.45000 -5.80000 NaN 1.67000 1.16000 NaN df4u
167.21600 -45.26800 -19.96000 -3.50000 NaN 1.26000 0.89000 NaN df4q
167.52600 -45.11500 -21.46000 -5.51000 NaN 1.18000 1.75000 NaN df4p
167.63300 -44.86800 -17.77000 -3.59000 NaN 2.13000 1.93000 NaN df4n
167.52300 -45.02500 -23.32000 -4.83000 NaN 1.48000 1.28000 NaN df4m
166.79700 -45.44300 -20.47000 -4.64000 NaN 1.46000 1.44000 NaN df4l
167.07700 -45.52000 -20.64000 -6.09000 NaN 1.36000 1.54000 NaN df4k
166.87300 -45.70300 -20.17000 -7.93000 NaN 1.04000 1.38000 NaN df4j
166.88600 -45.83400 -22.18000 -10.82000 NaN 1.57000 1.43000 NaN df4h
167.11900 -45.70600 -21.69000 -9.33000 NaN 1.09000 1.99000 NaN df4g
167.20200 -45.89500 -23.04000 -12.45000 NaN 1.33000 1.90000 NaN df4f
166.58300 -45.93700 -19.48000 -6.82000 NaN 1.31000 1.33000 NaN df4e
168.41100 -45.09100 -29.40000 -10.47000 NaN 1.38000 1.08000 NaN df4d
166.99600 -46.14200 -22.31000 -7.89000 NaN 1.08000 1.76000 NaN df4c
167.31900 -44.90600 -18.47000 -1.00000 NaN 2.10000 1.94000 NaN df4b
167.64600 -44.72500 -20.33000 -2.52000 NaN 1.14000 1.06000 NaN df4a
168.01400 -44.49000 -16.53000 -5.65000 NaN 0.83000 0.84000 NaN df49
168.16200 -44.64500 -22.21000 -7.39000 NaN 0.99000 0.78000 NaN df48
168.12700 -44.81500 -25.51000 -8.41000 NaN 0.90000 0.82000 NaN df47
176.08500 -39.81800 -4.54000 -10.10000 NaN 0.98000 0.60000 NaN de4v
175.21300 -39.05700 0.34000 -3.11000 NaN 0.71000 0.80000 NaN ch35
175.40500 -39.36100 -3.19000 -2.44000 NaN 1.57000 1.87000 NaN ch34
175.26400 -39.32400 -0.53000 -2.69000 NaN 0.93000 0.74000 NaN cbwx
175.31000 -39.43200 -0.64000 -2.66000 NaN 0.63000 0.55000 NaN cbwt
171.54100 -42.64900 -6.77000 0.03000 NaN 0.73000 0.90000 NaN c8ub
171.65500 -42.83500 -16.29000 -4.47000 NaN 0.72000 0.78000 NaN c8ua
171.35100 -42.80600 -8.62000 -0.40000 NaN 0.67000 0.81000 NaN c8u9
171.90200 -42.77500 -17.57000 -5.32000 NaN 0.66000 0.86000 NaN befd
171.97800 -42.83300 -20.64000 -6.92000 NaN 0.68000 0.76000 NaN befc
171.82100 -42.86800 -19.39000 -6.02000 NaN 0.66000 0.79000 NaN befb
175.75800 -38.81700 -1.35000 -3.84000 NaN 1.43000 1.28000 NaN be3b
176.04500 -38.54300 4.51000 -4.55000 NaN 1.31000 1.72000 NaN be31
176.13100 -38.52700 3.35000 -3.38000 NaN 2.49000 1.89000 NaN be2x
174.93600 -41.07300 -19.27000 -5.79000 NaN 0.51000 0.67000 NaN bdhe
175.30600 -40.94700 -20.74000 -8.03000 NaN 0.46000 0.44000 NaN bdhd
175.34800 -40.75000 -18.13000 -6.51000 NaN 0.48000 0.41000 NaN bdhc
174.98400 -40.90400 -16.43000 -4.38000 NaN 0.44000 0.47000 NaN bdhb
175.62200 -41.01400 -25.94000 -10.57000 NaN 0.46000 0.43000 NaN bdha
175.86500 -41.29300 -30.80000 -10.48000 NaN 0.49000 0.52000 NaN bdh8
175.68500 -41.12000 -28.74000 -10.72000 NaN 0.49000 0.52000 NaN bd8b
175.76200 -40.96800 -26.59000 -10.63000 NaN 0.53000 0.52000 NaN bd8a
176.21300 -40.38500 -18.13000 -11.18000 NaN 0.65000 0.68000 NaN bd89
176.33200 -40.64100 -26.10000 -10.80000 NaN 0.44000 0.68000 NaN bd88
176.46000 -40.55000 -23.41000 -11.58000 NaN 0.72000 1.03000 NaN bd87
175.82700 -40.30400 -14.08000 -7.12000 NaN 0.58000 0.83000 NaN bd86
175.87500 -40.31300 -14.92000 -8.11000 NaN 0.60000 0.76000 NaN bd85
175.88700 -40.30400 -14.25000 -7.79000 NaN 0.59000 0.52000 NaN bd84
175.84900 -40.27600 -13.49000 -7.01000 NaN 0.75000 0.67000 NaN bd83
175.90800 -40.29000 -13.82000 -8.06000 NaN 0.45000 0.97000 NaN bd82
175.67900 -40.55600 -19.06000 -8.86000 NaN 1.33000 1.07000 NaN bd81
175.66700 -40.85200 -23.40000 -10.31000 NaN 0.57000 0.58000 NaN bd80
177.34400 -38.27600 2.93000 -15.61000 NaN 0.83000 0.92000 NaN bc7h
176.85500 -37.98900 5.68000 -15.89000 NaN 1.14000 1.13000 NaN bar4
176.94300 -37.95500 7.24000 -16.97000 NaN 1.49000 1.45000 NaN bac2
177.96100 -39.09000 -3.81000 -18.70000 NaN 0.80000 0.66000 NaN b9fc
176.47500 -40.29300 -16.07000 -13.10000 NaN 0.53000 0.56000 NaN b9fb
176.37900 -39.28300 0.91000 -11.74000 NaN 0.53000 0.71000 NaN b9f9
175.92700 -39.22500 0.57000 -6.42000 NaN 0.49000 0.49000 NaN b9f8
176.08100 -39.26400 0.63000 -8.01000 NaN 0.59000 0.58000 NaN b9f7
171.31300 -42.90800 -12.70000 -2.96000 NaN 0.67000 0.66000 NaN b9ex
171.15800 -42.90500 -8.85000 -1.66000 NaN 0.69000 0.60000 NaN b9ew
171.40300 -42.84000 -10.70000 -2.15000 NaN 0.55000 0.68000 NaN b9ev
171.48500 -42.83600 -12.56000 -3.34000 NaN 0.65000 0.86000 NaN b9eu
171.55400 -42.72400 -9.18000 -1.21000 NaN 0.71000 0.62000 NaN b9et
171.43000 -42.76200 -7.94000 -0.68000 NaN 0.56000 0.81000 NaN b9er
171.31300 -43.05200 -17.66000 -7.47000 NaN 0.77000 1.05000 NaN b9ej
171.58800 -43.38900 -28.42000 -10.91000 NaN 0.91000 0.90000 NaN b9eh
171.36200 -43.43400 -27.79000 -10.69000 NaN 0.77000 0.70000 NaN b9eg
171.41800 -43.52300 -28.56000 -11.51000 NaN 0.58000 0.51000 NaN b9ef
175.14400 -41.39300 -31.26000 -9.85000 NaN 0.54000 0.63000 NaN b9cv
175.14400 -41.08200 -22.77000 -7.92000 NaN 0.63000 0.53000 NaN b9cm
174.98000 -41.26400 -26.37000 -7.90000 NaN 0.75000 0.75000 NaN b901
175.23200 -41.42900 -32.14000 -9.42000 NaN 0.46000 0.44000 NaN b8yu
175.49900 -41.42300 -32.43000 -9.68000 NaN 0.51000 0.46000 NaN b8ym
175.54800 -41.25600 -30.67000 -10.31000 NaN 0.47000 0.57000 NaN b8yl
175.65900 -41.32600 -31.73000 -10.21000 NaN 0.50000 0.51000 NaN b8yk
175.71700 -41.40100 -32.56000 -9.90000 NaN 0.43000 0.52000 NaN b8yj
172.25700 -42.77700 -23.13000 -9.68000 NaN 1.62000 1.74000 NaN b8y4
170.57600 -43.72500 -26.07000 -10.87000 NaN 0.55000 0.87000 NaN b8y3
170.11900 -43.75900 -22.56000 -9.11000 NaN 0.48000 0.92000 NaN b8y2
170.82400 -43.78500 -28.30000 -11.71000 NaN 0.53000 0.58000 NaN b8xx
170.44100 -43.77100 -25.56000 -10.92000 NaN 0.61000 0.80000 NaN b8xv
171.03800 -43.29600 -22.23000 -9.54000 NaN 0.67000 1.02000 NaN b8xu
170.84900 -43.21700 -17.98000 -6.29000 NaN 0.60000 0.67000 NaN b8xt
170.62500 -43.38800 -20.13000 -7.56000 NaN 0.62000 0.70000 NaN b8xr
169.99400 -43.90600 -24.10000 -10.31000 NaN 0.58000 0.81000 NaN b8xq
169.93300 -43.79900 -21.68000 -6.99000 NaN 0.66000 0.68000 NaN b8xp
169.82200 -43.76500 -20.19000 -7.42000 NaN 0.58000 0.59000 NaN b8xn
170.89300 -43.54800 -26.22000 -11.08000 NaN 0.58000 0.62000 NaN b8xm
171.17600 -43.73600 -30.21000 -12.07000 NaN 0.60000 0.69000 NaN b8xl
170.42300 -43.63600 -23.49000 -9.86000 NaN 0.56000 0.82000 NaN b8xk
170.51100 -43.48600 -21.16000 -8.45000 NaN 0.69000 0.77000 NaN b8xj
170.70200 -43.49900 -23.70000 -10.47000 NaN 1.17000 1.19000 NaN b8xh
170.85000 -43.52100 -25.21000 -10.76000 NaN 0.58000 0.83000 NaN b8xf
171.06200 -43.61000 -28.51000 -10.96000 NaN 0.54000 0.53000 NaN b8xe
171.05700 -43.84800 -30.07000 -11.78000 NaN 0.60000 0.61000 NaN b8xd
170.87900 -43.92800 -29.93000 -11.90000 NaN 0.58000 0.59000 NaN b8xc
170.71200 -44.02700 -30.13000 -12.10000 NaN 0.55000 0.70000 NaN b8xb
170.80100 -43.41300 -22.91000 -9.45000 NaN 0.71000 0.56000 NaN b8x9
170.88200 -43.32400 -21.71000 -9.37000 NaN 0.62000 0.76000 NaN b8x8
170.93800 -43.36300 -23.23000 -9.48000 NaN 0.62000 0.76000 NaN b8x6
171.08900 -43.41800 -25.44000 -10.42000 NaN 0.63000 0.60000 NaN b8x5
170.36100 -43.51900 -20.28000 -8.63000 NaN 0.54000 0.69000 NaN b8x4
170.25800 -43.55900 -20.91000 -6.91000 NaN 0.53000 0.71000 NaN b8x3
170.45200 -43.27800 -11.84000 -0.88000 NaN 0.54000 0.50000 NaN b8x1
170.52200 -43.24800 -12.02000 -0.69000 NaN 0.50000 0.49000 NaN b8wy
170.68500 -43.23100 -14.52000 -3.61000 NaN 0.53000 0.78000 NaN b8wx
170.26200 -43.41400 -15.59000 -4.33000 NaN 0.57000 0.70000 NaN b8ww
170.36000 -43.36600 -13.26000 -2.63000 NaN 0.93000 1.00000 NaN b8wv
170.45100 -43.39400 -17.71000 -7.07000 NaN 0.51000 0.81000 NaN b8wu
170.51300 -43.37900 -18.79000 -7.24000 NaN 0.62000 0.81000 NaN b8wt
170.59000 -43.29100 -14.88000 -5.64000 NaN 0.63000 0.57000 NaN b8wr
170.67600 -43.30300 -18.29000 -6.71000 NaN 0.57000 0.62000 NaN b8wq
170.73900 -43.26100 -17.65000 -6.78000 NaN 0.52000 0.75000 NaN b8wp
170.71800 -43.33100 -19.20000 -7.77000 NaN 0.68000 0.62000 NaN b8wn
170.68500 -43.42600 -21.49000 -9.04000 NaN 0.60000 0.71000 NaN b8wm
170.60200 -43.50900 -22.29000 -9.42000 NaN 0.57000 0.60000 NaN b8wl
175.82100 -41.03300 -27.45000 -9.42000 NaN 0.69000 0.90000 NaN b8nn
169.38800 -43.97200 -19.16000 -6.39000 NaN 0.60000 0.73000 NaN b8la
169.31600 -43.95600 -16.93000 -6.78000 NaN 0.62000 0.48000 NaN b8l1
169.17800 -43.96900 -17.49000 -4.70000 NaN 0.99000 1.12000 NaN b8km
169.37000 -43.76500 -9.75000 -2.47000 NaN 0.54000 0.70000 NaN b8k9
170.01800 -43.46400 -9.75000 -0.94000 NaN 0.57000 0.78000 NaN b8dp
170.18700 -43.36700 -7.09000 -0.56000 NaN 0.47000 0.67000 NaN b8cy
171.46700 -42.74200 -8.39000 -0.88000 NaN 0.52000 0.59000 NaN b89x
171.43100 -42.73800 -7.55000 -1.23000 NaN 0.68000 0.58000 NaN b89u
169.18700 -44.11100 -20.56000 -8.11000 NaN 0.56000 0.53000 NaN b7v0
169.34600 -43.98300 -18.16000 -6.68000 NaN 0.49000 0.56000 NaN b7uy
176.36700 -39.60700 -3.10000 -11.25000 NaN 0.75000 0.70000 NaN b7tk
175.02100 -40.87200 -17.09000 -5.28000 NaN 0.86000 0.61000 NaN b7pw
175.87600 -38.93300 2.84000 -8.08000 NaN 1.53000 1.33000 NaN b4lg
176.37300 -38.87900 3.71000 -10.13000 NaN 0.54000 0.53000 NaN b4jy
175.71500 -40.59900 -20.32000 -7.66000 NaN 0.45000 0.55000 NaN b3n7
169.75000 -46.23700 -27.77000 -12.37000 NaN 1.09000 1.17000 NaN b3me
176.32400 -38.54900 0.94000 -5.82000 NaN 0.67000 0.58000 NaN b3c4
178.26600 -38.01700 6.65000 -19.01000 NaN 0.59000 0.55000 NaN b3bd
172.08900 -43.70000 -31.68000 -11.32000 NaN 0.78000 0.80000 NaN b39y
178.28100 -37.90500 5.96000 -18.97000 NaN 0.63000 0.53000 NaN b39p
176.19600 -40.86900 -27.05000 -10.37000 NaN 0.61000 0.69000 NaN b339
170.30400 -44.42200 -30.06000 -14.94000 NaN 1.47000 1.65000 NaN b2w8
170.43200 -44.43500 -30.81000 -13.25000 NaN 1.21000 1.54000 NaN b2w7
170.92600 -43.09900 -13.56000 -3.19000 NaN 0.65000 0.51000 NaN b2p5
170.55200 -43.14700 -7.42000 -0.18000 NaN 0.48000 0.51000 NaN b2p3
170.34000 -43.22700 -6.47000 -0.40000 NaN 0.64000 0.52000 NaN b2nl
170.26100 -43.10800 -3.96000 -0.36000 NaN 0.50000 0.46000 NaN b2nb
170.44100 -43.03200 -5.17000 -0.15000 NaN 1.21000 1.17000 NaN b2na
171.04100 -42.83500 -5.33000 -0.61000 NaN 0.55000 0.49000 NaN b2l2
171.56300 -42.78200 -11.19000 -2.99000 NaN 0.60000 0.49000 NaN b2gw
171.63800 -42.62000 -7.13000 -1.12000 NaN 0.58000 0.66000 NaN b29n
176.17000 -38.26400 6.49000 -6.06000 NaN 0.83000 1.01000 NaN b278
175.38000 -39.55400 -0.57000 -2.84000 NaN 0.79000 0.75000 NaN b1xd
176.41000 -39.53400 -2.53000 -11.91000 NaN 0.68000 0.73000 NaN b1wa
175.49000 -39.95300 -5.02000 -5.07000 NaN 1.06000 0.61000 NaN b1ve
176.53600 -38.55700 2.76000 -10.00000 NaN 0.97000 0.93000 NaN b1q8
176.80500 -38.81500 3.63000 -13.39000 NaN 0.82000 0.76000 NaN b1pd
176.02700 -40.14500 -11.49000 -8.87000 NaN 0.91000 0.98000 NaN b1lv
177.91700 -37.98100 4.42000 -12.50000 NaN 0.78000 0.73000 NaN b1l0
177.46000 -38.93600 0.08000 -18.66000 NaN 0.56000 0.65000 NaN b1hk
176.16200 -40.24100 -14.38000 -10.24000 NaN 0.92000 0.76000 NaN b1ep
176.48300 -39.85500 -8.53000 -11.58000 NaN 0.99000 0.56000 NaN b1du
175.67500 -40.68600 -21.52000 -8.71000 NaN 0.73000 0.83000 NaN b1ak
169.20800 -43.93500 -15.72000 -5.29000 NaN 0.47000 0.65000 NaN b19w
169.23000 -43.84600 -11.47000 -2.38000 NaN 0.62000 0.53000 NaN b19t
175.44800 -40.72500 -18.66000 -7.77000 NaN 0.68000 0.51000 NaN b18y
175.26100 -40.68100 -16.34000 -5.12000 NaN 0.47000 0.49000 NaN b18u
174.87800 -41.40500 -28.31000 -9.64000 NaN 0.54000 0.72000 NaN b0y9
174.91300 -41.37500 -27.36000 -9.32000 NaN 1.14000 1.59000 NaN b0y0
174.90600 -41.16300 -21.12000 -6.28000 NaN 0.65000 0.67000 NaN b0n8
174.86600 -41.25900 -23.64000 -7.71000 NaN 0.72000 0.70000 NaN b0lv
167.32700 -46.10700 -24.18000 -7.62000 NaN 1.35000 1.70000 NaN b0a5
168.30400 -46.41200 -25.29000 -13.23000 NaN 0.79000 0.86000 NaN b07d
175.49300 -41.51700 -32.02000 -9.66000 NaN 0.89000 0.76000 NaN b054
166.61500 -45.66900 -18.57000 -5.73000 NaN 1.13000 1.06000 NaN b047
166.60900 -46.15600 -21.73000 -8.28000 NaN 0.51000 0.54000 NaN b03w
178.00400 -37.57400 5.17000 -17.32000 NaN 0.66000 0.78000 NaN b001
177.77800 -38.43200 1.06000 -18.09000 NaN 0.75000 0.90000 NaN b000
170.94600 -42.72600 -3.69000 0.12000 NaN 0.55000 0.77000 NaN ap6e
170.97200 -43.47300 -25.29000 -10.24000 NaN 0.81000 0.72000 NaN an4y
170.51500 -44.54800 -30.32000 -13.88000 NaN 1.37000 1.23000 NaN amkd
175.40200 -39.18900 0.28000 -3.15000 NaN 0.53000 0.67000 NaN ahlp
175.68600 -39.42700 -0.69000 -4.87000 NaN 0.61000 0.52000 NaN ahk6
176.05200 -38.85400 1.94000 -10.26000 NaN 1.86000 2.41000 NaN ah28
176.52200 -38.95600 3.08000 -11.79000 NaN 0.78000 0.73000 NaN agtr
170.51900 -43.58100 -23.95000 -9.63000 NaN 0.61000 0.59000 NaN aglh
170.44400 -43.58800 -22.91000 -10.05000 NaN 0.54000 0.57000 NaN afun
171.34200 -43.93500 -31.31000 -11.89000 NaN 0.63000 0.81000 NaN aftc
175.81100 -39.64200 -1.95000 -5.37000 NaN 0.99000 0.67000 NaN afrp
170.33700 -43.64700 -22.99000 -9.48000 NaN 0.52000 0.68000 NaN afb7
170.60700 -43.67700 -25.53000 -11.05000 NaN 0.54000 0.65000 NaN af68
170.68500 -43.71900 -26.66000 -11.23000 NaN 0.56000 0.63000 NaN af5r
170.69200 -43.57300 -24.79000 -10.91000 NaN 0.75000 0.73000 NaN af5n
169.83200 -44.11400 -25.33000 -11.21000 NaN 0.69000 0.55000 NaN aevv
169.48800 -45.80000 -29.16000 -11.74000 NaN 0.79000 0.63000 NaN aet5
170.55300 -43.96000 -28.42000 -11.59000 NaN 0.59000 0.73000 NaN aemc
176.21600 -40.07100 -10.51000 -9.79000 NaN 0.69000 0.67000 NaN aelf
168.32500 -46.12900 -27.88000 -9.20000 NaN 1.08000 1.64000 NaN aegu
171.20100 -43.64600 -29.69000 -11.91000 NaN 0.63000 0.70000 NaN aeb3
171.05300 -43.71500 -29.30000 -11.61000 NaN 0.58000 0.60000 NaN ae4q
168.91900 -46.13400 -28.16000 -11.58000 NaN 0.78000 0.79000 NaN ae13
168.44200 -45.73700 -28.64000 -10.14000 NaN 0.79000 0.88000 NaN adx3
168.69600 -45.36800 -29.79000 -10.47000 NaN 0.99000 1.02000 NaN adq2
173.84600 -41.51300 -12.67000 -3.09000 NaN 1.11000 0.78000 NaN ad5v
178.06400 -38.69100 -4.10000 -18.00000 NaN 0.59000 0.79000 NaN acw0
178.02500 -38.67500 -2.13000 -17.93000 NaN 2.30000 1.45000 NaN acvn
177.95800 -38.65300 -3.38000 -17.76000 NaN 1.24000 1.21000 NaN acvh
171.35500 -42.07500 -3.67000 -0.40000 NaN 0.56000 0.85000 NaN acqy
178.27000 -38.46400 -2.69000 -18.95000 NaN 0.72000 0.65000 NaN acmy
171.12200 -44.72800 -32.32000 -11.71000 NaN 0.72000 0.91000 NaN acgf
171.94200 -41.52800 -3.33000 -0.09000 NaN 0.62000 0.47000 NaN ac8p
177.06300 -38.11900 4.70000 -15.71000 NaN 1.13000 1.05000 NaN abwn
171.02200 -44.54300 -31.71000 -11.80000 NaN 0.67000 0.96000 NaN aakq
170.43900 -44.63600 -30.18000 -11.91000 NaN 1.53000 1.39000 NaN aagl
170.14400 -44.57700 -31.30000 -13.69000 NaN 1.24000 1.44000 NaN aag3
169.95600 -44.61600 -29.24000 -13.15000 NaN 1.48000 1.25000 NaN aaft
170.25600 -44.56000 -29.52000 -12.27000 NaN 1.55000 1.41000 NaN aafj
170.93400 -43.69600 -28.17000 -11.71000 NaN 0.60000 0.45000 NaN aadg
170.85300 -43.63400 -27.22000 -11.55000 NaN 0.54000 0.53000 NaN aad3
170.55400 -43.85500 -26.37000 -11.07000 NaN 0.61000 0.60000 NaN aab0
171.18800 -43.48300 -27.55000 -11.50000 NaN 0.67000 0.73000 NaN aa8h
170.35500 -43.30700 -10.50000 -0.65000 NaN 0.52000 0.58000 NaN aa2m
170.41200 -44.94500 -29.87000 -11.97000 NaN 1.47000 1.54000 NaN aa1c
170.11500 -44.81100 -30.08000 -12.87000 NaN 1.48000 1.40000 NaN aa0a
170.78600 -43.18600 -15.69000 -2.45000 NaN 1.44000 1.35000 NaN aa01
177.14100 -38.11000 5.40000 -15.97000 NaN 1.09000 1.26000 NaN a954
177.10000 -38.14200 3.96000 -14.83000 NaN 1.16000 1.20000 NaN a952
176.97700 -38.11800 5.99000 -15.11000 NaN 1.66000 1.51000 NaN a94q
177.07600 -38.02800 5.40000 -15.82000 NaN 2.16000 1.91000 NaN a94d
177.82000 -38.18400 1.73000 -17.53000 NaN 0.58000 0.54000 NaN a8n1
171.49200 -42.65500 -6.39000 -1.04000 NaN 0.58000 0.51000 NaN a8ke
171.65000 -42.72700 -10.46000 -2.26000 NaN 0.69000 0.71000 NaN a8j0
178.15500 -38.27000 2.92000 -19.47000 NaN 1.23000 1.12000 NaN a8f4
177.86500 -38.28800 1.44000 -17.90000 NaN 0.77000 1.30000 NaN a8f0
176.41100 -38.46900 1.75000 -7.48000 NaN 1.00000 1.19000 NaN a89v
175.90500 -39.40800 0.26000 -6.47000 NaN 0.79000 0.66000 NaN a7y7
175.72800 -39.40600 0.81000 -5.31000 NaN 0.87000 0.84000 NaN a7xx
175.64400 -39.38600 -0.15000 -4.52000 NaN 0.85000 0.76000 NaN a7xj
175.44800 -39.43500 -0.23000 -3.64000 NaN 0.77000 0.60000 NaN a7wv
178.21700 -38.20600 4.94000 -19.44000 NaN 0.49000 0.44000 NaN a7we
178.13000 -38.17900 3.12000 -18.65000 NaN 0.85000 0.95000 NaN a7w4
178.13500 -38.01100 4.17000 -17.17000 NaN 0.66000 0.56000 NaN a7uu
176.06100 -38.73200 6.03000 -6.42000 NaN 0.87000 0.63000 NaN a7ja
175.21300 -39.69200 -2.38000 -2.71000 NaN 0.72000 0.57000 NaN a720
177.76200 -38.70200 -0.22000 -16.41000 NaN 0.92000 0.64000 NaN a71v
177.59400 -38.69400 0.20000 -17.07000 NaN 0.78000 0.77000 NaN a71t
177.39200 -38.62200 1.98000 -16.91000 NaN 0.79000 0.90000 NaN a71e
177.52500 -38.55700 1.43000 -17.27000 NaN 0.79000 1.00000 NaN a711
176.10000 -39.54700 -1.12000 -8.73000 NaN 0.79000 0.70000 NaN a6yx
175.49200 -39.95400 -3.29000 -4.99000 NaN 2.25000 1.37000 NaN a6ue
175.09300 -39.93000 -4.97000 -2.60000 NaN 0.65000 0.69000 NaN a6u3
175.55700 -39.49500 -1.21000 -3.30000 NaN 0.75000 0.56000 NaN a6qt
176.26000 -39.78400 -6.71000 -10.56000 NaN 0.98000 0.94000 NaN a6fq
176.98600 -38.94500 2.54000 -16.05000 NaN 0.82000 0.69000 NaN a630
177.38200 -38.75400 3.28000 -16.20000 NaN 1.00000 0.93000 NaN a61v
177.11900 -38.80500 2.73000 -16.24000 NaN 0.71000 0.71000 NaN a61n
178.08100 -37.86100 3.43000 -15.63000 NaN 0.60000 0.68000 NaN a5tj
178.22700 -37.75100 3.30000 -19.11000 NaN 0.62000 0.68000 NaN a5t0
176.57100 -40.11100 -12.89000 -13.21000 NaN 0.55000 0.59000 NaN a5pd
177.59600 -38.83000 -0.78000 -17.60000 NaN 0.56000 0.69000 NaN a5np
177.87600 -38.88700 1.13000 -19.25000 NaN 1.48000 0.84000 NaN a5lc
175.34200 -40.12700 -7.64000 -4.07000 NaN 0.71000 0.57000 NaN a5h8
176.27300 -40.45000 -21.01000 -11.59000 NaN 0.80000 0.78000 NaN a5ck
176.08100 -40.42100 -19.37000 -10.41000 NaN 0.45000 0.75000 NaN a5cd
176.99800 -39.77300 -3.97000 -18.19000 NaN 0.67000 0.59000 NaN a55w
176.70200 -39.93000 -11.79000 -12.35000 NaN 0.74000 0.64000 NaN a55j
176.64400 -39.77500 -8.38000 -12.29000 NaN 0.77000 0.57000 NaN a54b
175.85600 -40.45400 -18.75000 -7.85000 NaN 0.71000 0.71000 NaN a50j
175.68700 -40.28800 -13.00000 -5.53000 NaN 0.69000 0.70000 NaN a4yt
175.34600 -40.31300 -10.30000 -4.36000 NaN 0.54000 0.54000 NaN a4vv
177.21200 -37.99200 5.65000 -16.25000 NaN 1.41000 1.02000 NaN a4v6
175.78500 -40.56800 -20.17000 -8.25000 NaN 0.49000 0.54000 NaN a4rq
169.14700 -43.90000 -12.84000 -3.27000 NaN 0.47000 0.50000 NaN a4pg
169.07000 -43.95100 -13.75000 -3.10000 NaN 1.22000 0.96000 NaN a4p8
175.35800 -40.57400 -15.64000 -5.19000 NaN 0.73000 0.63000 NaN a4nm
176.94800 -39.65300 -7.22000 -14.56000 NaN 0.48000 0.59000 NaN a4fk
176.66700 -39.50100 -2.17000 -14.57000 NaN 1.55000 1.56000 NaN a4e5
176.91900 -39.13800 1.27000 -16.35000 NaN 0.65000 0.67000 NaN a48q
177.28600 -39.00100 -0.35000 -16.98000 NaN 1.66000 2.18000 NaN a45h
174.77900 -41.34200 -23.61000 -8.37000 NaN 1.11000 0.99000 NaN a44m
175.76400 -38.99100 1.70000 -5.55000 NaN 1.80000 1.25000 NaN a426
176.25500 -39.42600 -0.22000 -9.21000 NaN 0.64000 0.69000 NaN a41r
176.18800 -40.78500 -26.75000 -9.92000 NaN 0.46000 0.49000 NaN a40c
176.92900 -39.94500 -7.25000 -18.09000 NaN 0.80000 0.71000 NaN a3y4
175.16200 -40.93200 -19.03000 -6.96000 NaN 0.42000 0.51000 NaN a3y0
175.25600 -40.81200 -17.76000 -6.35000 NaN 0.63000 0.44000 NaN a3xx
175.78200 -39.82800 -4.12000 -6.15000 NaN 0.85000 0.52000 NaN a3xl
175.11600 -40.74900 -15.69000 -5.42000 NaN 0.45000 0.47000 NaN a3xj
177.85600 -39.03400 -2.10000 -19.63000 NaN 0.80000 0.62000 NaN a3wj
177.59400 -39.04000 -0.27000 -20.00000 NaN 0.73000 0.84000 NaN a3wb
178.54800 -37.68900 8.93000 -18.76000 NaN 0.68000 0.79000 NaN a3vn
178.31900 -37.59600 5.18000 -17.94000 NaN 0.58000 0.52000 NaN a3v8
175.39600 -40.20600 -9.82000 -4.54000 NaN 0.72000 0.57000 NaN a3uw
175.83500 -40.33600 -15.32000 -7.00000 NaN 0.91000 0.52000 NaN a3ub
176.55800 -40.48700 -21.39000 -13.91000 NaN 0.68000 0.52000 NaN a3t8
178.05000 -37.68400 4.08000 -16.84000 NaN 0.81000 0.79000 NaN a3t4
176.58800 -39.40800 -0.90000 -14.38000 NaN 0.54000 0.68000 NaN a3ru
176.67100 -39.34500 -0.01000 -15.09000 NaN 0.65000 0.73000 NaN a3r9
177.67200 -37.73900 4.41000 -15.97000 NaN 0.64000 0.59000 NaN a3q5
175.77400 -40.78500 -24.08000 -10.18000 NaN 0.49000 0.48000 NaN a3nc
176.22600 -40.56700 -24.87000 -10.79000 NaN 0.67000 0.56000 NaN a3mx
175.27300 -40.54600 -13.71000 -4.41000 NaN 0.57000 0.66000 NaN a3mt
168.72600 -44.73700 -25.04000 -9.68000 NaN 1.13000 1.22000 NaN a3j8
175.89300 -41.25100 -30.06000 -10.42000 NaN 0.49000 0.49000 NaN a3ff
175.66700 -40.94600 -25.39000 -10.39000 NaN 0.53000 0.52000 NaN a3ct
169.89800 -44.93300 -29.33000 -11.87000 NaN 0.78000 0.70000 NaN a39w
170.99500 -45.06700 -32.60000 -12.94000 NaN 0.82000 1.59000 NaN a36e
170.24100 -45.13900 -29.74000 -11.81000 NaN 0.75000 0.68000 NaN a345
167.92400 -44.67300 -20.97000 -6.12000 NaN 0.54000 0.56000 NaN a31c
175.10200 -41.03800 -20.23000 -6.98000 NaN 0.41000 0.53000 NaN a30r
171.90700 -43.04300 -25.12000 -9.56000 NaN 0.44000 0.46000 NaN a2u3
175.98200 -41.05800 -27.40000 -10.83000 NaN 0.60000 0.74000 NaN a2rw
170.72500 -43.16500 -14.89000 -2.18000 NaN 0.57000 0.71000 NaN a2qg
169.36800 -45.21700 -29.39000 -11.60000 NaN 1.02000 0.71000 NaN a2n0
174.79900 -41.19100 -20.06000 -6.31000 NaN 1.40000 1.14000 NaN a2hl
174.81400 -41.19800 -21.14000 -6.77000 NaN 2.02000 1.20000 NaN a2hk
174.83600 -41.22000 -19.88000 -5.60000 NaN 1.99000 2.08000 NaN a2he
174.71500 -41.28400 -21.53000 -6.20000 NaN 1.68000 1.04000 NaN a28g
171.38900 -42.88800 -12.38000 -2.84000 NaN 0.59000 0.71000 NaN a284
174.91300 -41.24900 -26.18000 -7.41000 NaN 1.08000 0.85000 NaN a27e
174.96300 -41.28400 -25.45000 -7.96000 NaN 1.35000 1.26000 NaN a274
175.23700 -41.60400 -32.62000 -9.57000 NaN 0.45000 0.43000 NaN a23h
175.26500 -41.34600 -33.18000 -9.81000 NaN 0.94000 1.16000 NaN a21b
175.21100 -41.27200 -29.39000 -9.45000 NaN 0.96000 1.32000 NaN a20h
175.57500 -41.32700 -31.40000 -10.15000 NaN 0.45000 0.44000 NaN a1yl
170.12500 -45.56400 -29.49000 -11.87000 NaN 1.28000 0.88000 NaN a1vk
167.85900 -45.19700 -24.06000 -5.91000 NaN 1.24000 1.67000 NaN a1th
171.30500 -42.87300 -11.84000 -2.37000 NaN 0.47000 0.48000 NaN a1g4
172.72300 -40.51100 -2.34000 -0.49000 NaN 0.81000 0.76000 NaN a170
167.67800 -45.76300 -25.42000 -12.34000 NaN 1.18000 1.16000 NaN a133
177.11300 -38.26100 4.00000 -14.80000 NaN 0.68000 0.89000 NaN a0yh
166.95200 -45.26600 -22.04000 -3.89000 NaN 1.24000 1.54000 NaN a0dw
167.60800 -46.15500 -26.04000 -7.09000 NaN 1.09000 1.72000 NaN a0c2
169.47800 -44.21600 -24.44000 -11.05000 NaN 0.58000 0.68000 NaN a073
177.55900 -38.40700 2.16000 -16.51000 NaN 0.53000 0.60000 NaN a00a
