#lon lat ve vn vu se sn su name
170.59720 -45.88370 -29.23136 -13.09871 -1.66400 0.20497 0.21285 0.45100 dund
170.51090 -45.86950 -29.10260 -13.22700 -0.80500 0.17887 0.17896 0.41100 ousd
174.83439 -36.60280 0.53115 -1.00047 -1.00400 0.17552 0.17527 0.44300 auck
174.80590 -41.32348 -23.10027 -6.94185 -1.48900 0.30754 0.23067 0.52200 wgtn
174.66279 -36.43440 0.35748 -0.65910 -0.87900 0.22755 0.23538 0.58400 wark
172.65470 -43.70271 -32.63254 -11.80401 -2.68400 0.19504 0.21412 0.55900 mqzg
169.30825 -45.23100 -29.02084 -13.32402 -0.73200 0.25118 0.21060 0.57600 lexa
174.31460 -35.80380 0.63811 -0.37812 -1.75800 0.19385 0.19335 0.49100 whng
176.26090 -37.72880 0.99859 -1.67118 -0.98300 0.22917 0.21029 0.57800 trng
174.11820 -39.18255 -1.28091 -0.96182 -2.53300 0.22195 0.22507 0.56000 nply
174.85410 -38.51300 -0.70666 -0.69282 -1.78300 0.23092 0.21534 0.57600 maho
173.27310 -35.06890 0.03579 -0.37614 -1.38300 0.20431 0.20854 0.46500 ktia
170.98431 -42.71290 -3.31457 -1.14090 0.00500 0.20078 0.18739 0.50200 hoki
175.10920 -37.80680 -0.33482 -0.80501 -0.89300 0.21725 0.20611 0.53000 hamt
177.01389 -37.98169 3.75852 -12.31205 -2.16700 0.29280 0.25178 0.64700 whkt
174.78160 -41.29040 -21.08421 -5.82585 -1.05900 0.39121 0.31269 0.63400 wgtt
171.80621 -41.74472 -1.35476 -1.40007 -1.37100 0.32353 0.22137 0.45000 west
174.82142 -39.78689 -4.76710 -1.74971 -1.37000 0.31542 0.29556 0.52500 wang
170.92030 -44.65570 -30.32011 -12.74624 -1.18800 0.20728 0.20113 0.44700 waim
173.43371 -41.18350 -4.62339 -0.21796 -3.02500 0.58879 0.21554 0.58100 nlsn
175.58458 -41.06199 -26.08137 -10.88237 -4.52700 0.28568 0.25878 0.71700 mast
172.26631 -42.78339 -20.32621 -8.81299 -1.14100 0.35750 0.26395 0.63400 lkta
173.53366 -42.42548 -26.48461 -12.60989 0.99400 0.50101 0.36727 0.68900 kaik
178.30335 -37.56102 5.03892 -17.61334 -0.40000 0.26632 0.22613 0.56000 hikb
168.78555 -44.07320 -12.31760 -4.41258 0.85500 0.22131 0.28040 0.48900 haas
170.62940 -45.81431 -29.39809 -12.88908 -0.97600 0.22954 0.24086 0.54900 dunt
175.74958 -36.86541 1.31179 -0.56511 -0.50400 0.21195 0.20277 0.58100 corm
183.43416 -43.95579 -33.03236 -0.49038 -0.89800 0.22508 0.22852 0.52200 chat
168.29209 -46.58508 -27.17518 -14.01885 -1.09000 0.21443 0.19758 0.43100 bluf
176.08100 -38.74271 3.79977 -5.24395 0.88900 0.30755 0.30560 0.64000 taup
174.76990 -36.84360 0.57655 -0.45911 -0.30300 0.59777 0.46745 1.66200 takl
169.81582 -43.53168 -7.74150 -2.25733 0.33400 0.20138 0.20163 0.75700 quar
175.25479 -41.56921 -33.04935 -9.46810 -5.05800 0.23949 0.27032 0.69000 pali
172.72220 -43.60580 -32.83769 -12.30668 -1.53700 0.39247 0.50572 0.73700 lytt
172.52956 -40.82660 -1.17700 -0.53756 -1.40600 0.31943 0.24772 0.56100 gldb
177.07635 -39.65789 -5.81152 -16.50526 0.46100 0.81063 0.46894 0.66900 ckid
183.38288 -43.73547 -33.91121 -0.33007 -2.21500 0.21048 0.22460 0.48000 chti
174.93290 -41.19640 -21.52611 -6.03715 -1.41500 0.47899 0.38221 0.71200 avln
173.98420 -41.56066 -3.74474 1.07619 2.48900 0.45804 0.48665 0.74100 with
177.23440 -39.07720 1.10945 -17.76661 -1.43100 0.50603 0.41018 0.69400 wahu
175.47046 -39.38458 -1.63178 -1.87530 -0.92000 0.28759 0.29267 0.55100 vgmt
175.68790 -41.39800 -32.99171 -9.81502 -4.34700 0.21026 0.21569 0.53400 trav
174.28010 -41.19160 -10.54016 0.05967 -0.45800 0.53587 0.51953 0.91000 tory
175.89050 -41.10660 -28.27882 -11.13309 -3.56700 0.23798 0.27334 0.59300 tema
176.49251 -39.16552 1.66495 -11.70813 -0.99400 0.30163 0.27605 0.68300 ripa
176.55626 -37.84589 0.39946 -2.98208 0.93500 0.23779 0.22474 0.61200 rgop
176.72472 -37.91544 1.67665 -4.53487 1.31300 0.24122 0.31162 0.73600 rgmt
177.41540 -38.49556 1.84854 -16.50129 -0.54600 0.34954 0.32671 0.65300 rawi
166.68071 -46.16619 -23.79281 -12.17618 0.75200 0.28851 0.30435 0.59000 pygr
178.25740 -38.07140 5.99253 -18.64925 0.44800 0.28610 0.21012 0.54500 puke
176.63520 -40.26640 -16.98468 -13.93444 -2.08600 0.55390 0.28026 0.60700 pora
176.86390 -40.03310 -14.28687 -14.94471 -0.74600 0.63779 0.34664 0.61400 pawa
170.51091 -45.86947 -29.25362 -13.17199 -1.22600 0.19937 0.20135 0.44300 ous2
177.30760 -38.04650 3.20662 -14.69049 -2.22500 0.25131 0.23631 0.55600 optk
174.06030 -41.01930 -8.28028 2.13086 -1.52700 0.74262 0.54541 0.78200 okoh
170.46493 -43.98570 -27.43254 -12.43439 -0.05500 0.18879 0.18983 0.50900 mtjo
168.11820 -45.36651 -27.94954 -11.97781 -0.69400 0.28600 0.21963 0.60800 mavl
177.90700 -39.15258 -1.25064 -21.78401 0.47700 1.62034 0.66543 0.57000 mahi
176.93670 -39.33230 -1.10809 -16.07276 -3.27000 0.59585 0.29797 0.70500 leyl
175.24060 -40.58880 -15.36670 -4.12073 -4.35800 0.79159 0.52956 0.84900 levn
175.42405 -40.40930 -13.65995 -5.22430 -4.73100 0.58979 0.39609 0.75100 koro
177.66780 -39.01610 -1.39381 -21.14225 -1.79700 0.66782 0.32882 0.50300 koko
174.90980 -40.86090 -16.81114 -3.77869 -4.18800 0.43008 0.39010 0.76200 kapt
176.87630 -39.79380 -8.82571 -12.90772 -1.25200 0.72869 0.28220 0.58900 kahu
176.72658 -39.61701 -5.78616 -13.46803 -5.16900 0.57886 0.29400 0.58900 hast
175.23810 -40.08030 -10.26055 -4.20974 -3.32000 0.34433 0.41193 0.65700 gnbk
177.88601 -38.63532 -5.27603 -15.98211 -2.32600 0.43330 0.26748 0.61300 gisb
173.92160 -40.80180 -8.24281 -0.27186 -2.02300 0.43704 0.26484 0.56500 durv
176.16666 -40.29886 -17.30231 -9.65950 -3.69800 0.43411 0.31281 0.69000 dnvk
174.21380 -41.74900 -20.48253 -6.47511 2.43700 0.55487 0.39311 0.73000 cmbl
176.24610 -40.67980 -25.84429 -9.92915 -5.16900 0.30361 0.28816 0.54100 birf
176.06317 -39.48918 -1.41338 -7.20468 -0.45000 0.49097 0.42892 0.65900 bhst
174.77042 -36.84375 -0.09707 -0.73671 -1.30800 0.23996 0.23790 0.60800 aukt
176.46120 -40.53980 -24.33976 -12.42521 -4.63700 0.37631 0.26447 0.59100 akto
176.44060 -40.06420 -11.40619 -11.22125 -2.90800 0.84058 0.38231 0.79500 wpuk
176.54300 -39.89589 -12.06167 -11.49061 -4.46700 0.72468 0.29500 0.80300 wpaw
178.40870 -37.82500 6.25014 -19.90895 0.70300 0.37664 0.26951 0.68300 wmat
169.88531 -43.58403 -13.40034 -3.56952 0.96700 0.22190 0.37883 0.59100 waka
175.34641 -39.28927 -0.51803 -2.15984 -1.21600 0.26571 0.28767 0.55300 vgpk
147.05569 -19.26928 0.25580 0.18278 -1.00000 0.17578 0.17309 0.43600 tow2
177.81142 -38.43749 0.12524 -18.22820 -0.36800 0.33369 0.30005 0.72800 tkar
175.88569 -40.77601 -24.41301 -9.88564 -4.86200 0.29762 0.35152 0.63600 tint
175.78560 -39.68250 -0.67737 -5.78854 0.97000 0.84655 0.27992 0.68400 thap
178.00589 -38.16241 1.34952 -18.58618 2.60800 0.32081 0.27831 0.64200 tauw
177.34750 -38.77961 1.77068 -17.24375 -1.56900 0.48111 0.29601 0.72800 snst
176.51462 -38.33889 0.62606 -6.71138 -5.21500 0.23416 0.23697 0.63900 rgrr
176.77281 -38.05253 0.22586 -11.07454 -1.75100 0.30369 0.28390 0.67900 rgkw
175.40432 -41.18691 -29.30142 -9.93052 -5.22200 0.30855 0.28508 0.82400 rdlv
177.67753 -37.96500 2.59476 -16.25444 -0.31300 0.27803 0.26318 0.57900 raum
177.08608 -38.91619 2.07364 -15.90290 -1.01700 0.42422 0.31280 0.78900 rahi
175.99928 -40.60108 -23.80904 -9.85270 -3.93700 0.38126 0.35052 0.84300 ptoi
177.69789 -38.81420 -2.65632 -17.44874 0.83900 0.75872 0.37346 0.64900 prtu
176.20048 -39.91679 -8.68626 -10.55868 -3.81800 1.12743 0.40313 1.41100 pnui
175.42692 -41.38152 -32.55870 -9.22019 -4.44900 0.22615 0.23285 0.56600 parw
177.88330 -38.92260 -6.70895 -19.56736 -2.61700 0.91061 0.48892 0.57800 pari
174.95210 -41.02180 -18.88189 -4.38350 -0.83800 0.46700 0.36031 0.77700 paek
175.76132 -40.38542 -17.59679 -5.99857 -5.42800 0.60178 0.43496 1.01300 nrrd
176.80661 -39.09702 2.07680 -14.44844 -0.26900 0.41123 0.38424 0.69000 nmai
175.24138 -41.00159 -21.67932 -6.20112 -3.27600 0.56783 0.41903 0.99600 mtqn
175.53615 -40.18138 -9.42853 -3.33206 -4.92400 0.92450 0.93887 1.09800 mtbl
176.74973 -38.61686 2.73273 -11.28860 -1.54700 0.30963 0.26486 0.69900 ming
171.57530 -43.59135 -30.11600 -13.40635 -2.01600 0.26120 0.25948 0.68300 meth
176.69655 -39.44420 0.70335 -13.82821 -2.75500 0.58485 0.38526 0.69700 mcnl
177.52620 -38.33382 1.95367 -16.61887 -0.10100 0.30182 0.22253 0.58700 matw
175.57488 -40.66870 -19.47760 -7.05639 -1.82400 0.78060 0.45886 1.05500 mang
173.79381 -41.29139 -4.98789 1.59662 -0.90000 0.75162 0.46267 0.64600 maha
176.42279 -39.42402 -1.24721 -12.75074 -2.61300 0.54589 0.39912 0.83700 kawk
117.09719 -20.98143 -0.38886 0.38534 -1.04900 0.16917 0.16869 0.41600 karr
169.77516 -43.60839 -11.35633 -3.34566 0.65200 0.19896 0.21030 0.46000 kara
175.51519 -40.89722 -21.02110 -9.43789 -2.97600 0.47001 0.38922 0.91200 hold
147.43874 -42.80471 0.16618 -0.59538 -1.42700 0.17398 0.16692 0.38900 hob2
177.56938 -38.68681 -0.67553 -16.87260 0.11200 0.45221 0.35356 0.61600 hana
175.45928 -39.97628 -9.17097 -3.54561 -1.42300 0.39915 0.45477 0.63600 grng
178.21110 -38.48800 -5.49867 -17.43055 -0.86300 0.64092 0.32790 0.54700 cnst
169.85585 -43.66623 -16.02071 -6.52012 3.21600 0.20341 0.19041 0.51500 cncl
175.14549 -41.14468 -23.28554 -7.45559 -2.05100 0.40318 0.36236 0.77600 clim
133.80983 -31.86666 0.27497 -0.13921 -0.38800 0.15434 0.15997 0.34700 cedu
133.88552 -23.67012 0.21354 0.09319 -0.64800 0.15497 0.15306 0.40200 alic
178.04600 -38.41145 -0.98838 -18.06090 0.14800 0.42137 0.29912 0.60000 ahti
115.34698 -29.04655 -0.39540 -0.12121 -0.54500 0.16883 0.16563 0.35700 yar2
175.75430 -39.40740 -0.02198 -5.07724 -0.64900 0.36727 0.26008 0.59700 vgmo
174.62764 -41.27805 -18.06400 -0.48799 0.60900 0.48497 0.56047 0.90000 trwh
148.98000 -35.39920 0.24451 -0.17326 -1.20300 0.16560 0.15580 0.39400 tidb
148.98000 -35.39920 0.16851 -0.24726 -0.01500 0.24978 0.24532 0.73100 tid2
175.81083 -38.61102 0.32907 -2.61727 -1.06100 0.23503 0.22891 0.62600 tgtk
175.77015 -38.86337 -1.46802 -3.71238 -0.94700 0.28265 0.23631 0.58100 tgra
175.71191 -38.67810 -0.44421 -2.10104 -1.14200 0.23360 0.23242 0.60400 tghr
175.96291 -40.06158 -13.83172 -9.00560 -2.80500 0.45005 0.36532 1.23500 takp
151.15038 -33.78087 0.34505 -0.21092 -1.63600 0.18270 0.18430 0.49900 sydn
176.19418 -38.17662 4.02461 -4.59510 -5.79700 0.30261 0.22193 0.75800 rgut
176.50610 -38.23379 -1.86610 -6.17693 -14.46400 0.31757 0.30763 0.78100 rgta
176.52120 -38.05728 0.60018 -5.60026 -3.59800 0.29172 0.32547 0.62300 rgre
176.46711 -38.13832 1.14636 -9.99776 -17.48200 0.25695 0.24430 0.76000 rgmk
176.38571 -38.00329 1.33191 -4.79636 -3.06800 0.22583 0.22123 0.68100 rgli
176.24408 -38.02008 1.43600 -2.98255 -2.01700 0.23173 0.22412 0.72100 rgka
176.28798 -38.38579 0.76910 -4.54553 -11.21500 0.33247 0.28778 0.66700 rghr
176.35229 -38.25192 0.77193 -5.51492 -14.43400 0.30661 0.27095 0.88600 rghl
176.34303 -38.56204 0.90423 -6.57565 -3.73900 0.23772 0.24447 0.59300 rgar
182.07105 -29.24467 -13.30384 -14.92357 -5.90000 1.70600 1.40124 5.52700 raul
176.62116 -39.74720 -11.53740 -11.47347 -7.26700 0.63678 0.35250 0.86500 rakw
175.18193 -39.80477 -6.20507 -1.99744 -1.70200 0.45500 0.31547 0.67900 pkno
169.92154 -43.66059 -17.50014 -6.81467 3.51500 0.27435 0.24191 0.62400 pilk
175.17040 -40.81650 -17.56087 -3.91511 -3.03700 0.64472 0.40506 0.86700 otak
176.68069 -40.10436 -14.90887 -12.90086 -0.87000 0.54891 0.26264 0.57900 oroa
175.79069 -39.91829 -5.37958 -7.85961 -0.15600 1.06344 0.34639 1.15200 ohin
176.20004 -40.11332 -15.88910 -7.43822 -5.50800 0.55687 0.39917 1.12100 nrsw
116.19272 -31.04873 -0.29500 -0.14142 -1.29100 0.18099 0.17970 0.43200 nnor
170.35053 -43.33641 -10.78122 -2.18445 2.75900 0.24342 0.24381 0.57100 mtpr
144.97534 -37.82941 0.63861 0.10054 -1.68400 0.17655 0.19510 0.34600 mobs
176.22338 -40.46864 -22.05607 -11.15249 -5.18800 0.53491 0.34955 0.99400 mnhr
176.02883 -39.70338 -6.36797 -6.87022 -1.32200 0.61178 0.60537 1.10700 mkno
164.28734 -20.55869 0.33124 -0.75292 -1.08100 0.35999 0.28289 0.72900 kouc
170.10551 -43.77733 -21.87346 -10.61820 4.47200 0.32301 0.24792 0.94400 horn
177.40987 -38.93930 -0.27061 -18.30305 -2.09000 0.48111 0.33866 0.61100 frtn
131.13274 -12.84370 0.01109 0.27964 -1.02400 0.18191 0.18058 0.54800 darw
170.19014 -43.86249 -24.57334 -11.76111 2.20200 0.27140 0.25782 0.82500 bnet
176.13641 -38.61758 -0.25689 -3.49272 -8.27700 0.37927 0.41093 0.76400 arta
178.29122 -38.26821 0.89013 -19.54581 -1.93100 0.45930 0.33979 0.64600 anau
138.64735 -34.72900 0.26069 -0.20178 -1.51700 0.22881 0.23946 0.55500 ade1
175.59785 -39.32693 -0.18895 -3.02780 -1.56100 0.36327 0.35024 0.70700 vgwn
175.58898 -39.28240 0.42287 -3.10376 -2.02100 0.40115 0.35024 0.87400 vgwh
175.60894 -39.27726 0.29375 -3.26608 -1.82600 0.41711 0.34328 0.84100 vgts
175.54831 -39.29841 -0.05647 -2.78184 -1.92500 0.36127 0.33930 0.79200 vgtr
175.66514 -39.16307 0.37355 -2.51481 -3.81900 0.35730 0.32342 0.70800 vgot
175.54224 -39.19983 0.68892 -2.59250 -2.33200 0.25779 0.28374 0.57500 vgob
175.55269 -39.25515 0.35370 -2.62752 -0.83600 0.29655 0.32242 0.64700 vgfw
169.89321 -43.63770 -15.65358 -6.18714 2.80000 0.28824 0.31224 0.73400 vexa
175.85849 -38.97713 -0.44270 -4.24858 -3.13700 0.29062 0.31253 0.72300 tgri
176.04747 -38.84584 2.29273 -6.97147 -0.57800 0.29959 0.31751 0.63400 tgoh
175.99633 -38.81286 0.62626 -6.99098 0.95200 0.50494 0.49958 1.29400 tgho
210.39381 -17.57702 -82.96061 27.56232 -1.47600 0.34636 0.31238 0.73300 tah1
176.21085 -38.35257 1.60717 -4.38865 -14.24400 0.29465 0.24803 0.70900 rgwv
176.23225 -38.25659 5.56183 -5.46076 -13.71600 0.34242 0.24939 0.82300 rgon
176.89617 -38.00320 3.87275 -11.99634 -1.41900 0.25703 0.25126 0.61100 rgaw
115.88525 -31.80196 -0.03856 -0.33465 -2.20900 0.16976 0.16754 0.41400 pert
148.26461 -32.99876 0.11170 -1.23994 -1.30300 0.25613 0.25738 0.56500 park
166.48489 -22.22832 1.84713 -0.71355 -0.38600 0.31301 0.35733 0.79100 nrmd
166.41020 -22.26984 -0.00936 -0.20132 -1.44600 0.37136 0.33755 0.98600 noum
170.06122 -43.75612 -20.34105 -9.18708 1.92900 0.73688 0.47152 1.01800 nett
167.26378 -20.91799 -0.12042 -0.22283 -6.04300 0.38372 0.28442 1.16300 lpil
176.37012 -39.64315 -4.81124 -11.36701 -3.93500 0.87156 0.52363 1.12100 kere
132.15328 -14.37600 -0.16869 -0.07381 0.24800 0.23497 0.22507 0.57900 kat1
210.38570 -17.55531 -82.94378 27.41612 -1.50400 0.32949 0.29706 0.63000 faa1
96.83397 -12.18834 0.75668 1.71678 -0.90300 0.27357 0.25692 0.55400 coco
200.19939 -21.20103 -76.46707 17.87757 -0.87000 0.28325 0.24505 0.67200 ckis
152.32101 -24.90822 0.52314 0.08161 -0.86900 0.20025 0.19767 0.45400 bndy
115.34697 -29.04658 -0.17839 -0.19321 -0.94500 0.17853 0.17394 0.35800 yarr
115.34716 -29.04649 -0.37631 -0.06325 -1.09600 0.20371 0.19580 0.39000 yar3
175.58323 -41.06256 -26.13443 -10.07243 -2.87300 0.33337 0.46788 0.89500 wrpa
175.45174 -39.73010 -3.07161 -2.56420 -1.04000 0.82056 0.44976 0.73200 whvr
175.58970 -39.11514 1.56668 -2.09072 -2.62400 0.35032 0.33234 0.75200 vgwt
175.83138 -39.74541 6.27450 -5.11104 6.30600 1.59329 0.69318 1.23800 utku
148.98000 -35.39920 0.24151 -0.23826 -1.25100 0.17595 0.16474 0.43000 tid1
210.39355 -17.57706 -82.71758 27.99604 -1.10400 0.31550 0.28032 0.61800 thti
166.21537 -21.60858 0.09880 0.37153 -1.84900 0.50163 0.41392 1.12300 thio
210.39381 -17.57703 -82.89061 27.61932 -1.84900 0.38670 0.35577 0.92000 tah2
153.03530 -27.48489 0.02055 0.45890 -0.34300 0.40322 0.46650 1.90900 sunm
149.01016 -35.31616 0.30812 -0.20829 -1.79700 0.18985 0.17726 0.47900 str2
149.01005 -35.31553 0.33764 -0.20532 -1.20200 0.17343 0.16320 0.44500 str1
188.26158 -13.84921 -85.50357 6.55608 -4.27700 0.35985 0.27469 0.87400 samo
176.36592 -38.09366 1.96245 -4.59186 -4.62700 0.29468 0.28876 1.03900 rghd
176.37800 -38.10470 1.87999 -6.88857 -5.66800 0.46955 0.62727 1.47600 rgcr
169.92106 -43.70206 -17.02165 -6.11293 4.92100 1.21853 0.89978 2.69300 redd
210.42728 -17.53308 -83.29414 27.77005 -1.52700 0.32759 0.29776 0.74300 pape
178.08260 -37.89398 2.63884 -16.95349 2.09800 0.43536 0.44805 0.95500 paki
167.93883 -29.04334 0.17716 -0.05881 -1.06600 0.21269 0.21767 0.52900 norf
190.07293 -19.07653 -78.58601 8.10140 -1.72100 0.29315 0.25608 0.70700 nium
116.63749 -26.69664 -0.37763 -0.16793 -0.53900 0.23967 0.23276 0.44600 mro1
178.12913 -38.64379 -11.24297 -15.36438 -0.69800 0.77974 0.27940 0.60400 mako
169.85252 -43.72079 -17.60427 -7.43968 0.92300 0.88773 0.83684 1.82900 maka
158.93583 -54.49953 -8.32967 -18.71721 -1.43900 0.24545 0.20472 0.47500 mac1
159.06120 -31.51988 0.35955 -0.16930 -1.38600 0.22178 0.22207 0.50800 lord
169.73677 -43.64298 -12.65128 -2.88643 0.81400 0.50927 0.61911 1.23400 leoc
159.07852 -31.54146 0.26611 0.52973 -1.66700 0.26101 0.25199 0.59000 ldhi
177.44658 -17.60881 -6.85638 -5.46677 -1.18600 0.27532 0.22942 0.66300 laut
250.65560 -27.12498 56.50211 27.62612 -1.07800 0.58728 0.45521 0.73000 ispa
188.00047 -13.83221 -86.20187 5.77584 -3.42700 0.43575 0.34027 0.99700 fale
250.61671 -27.14821 58.44616 27.50806 -0.78400 0.83245 0.64610 1.71700 eisl
115.34697 -29.04656 0.37160 -0.15221 0.31100 0.45117 0.40163 1.03200 yar1
105.68850 -10.44996 0.25317 0.50282 0.27300 0.41138 0.30547 0.81600 xmis
153.03527 -27.48496 0.46658 0.28089 -1.60200 0.25022 0.25390 0.68100 wool
128.29617 -25.03720 0.05194 0.09693 -0.60300 0.20052 0.19696 0.46200 wara
175.64131 -39.09440 1.78411 -3.47598 -3.06200 0.30054 0.26791 0.58400 vgkr
175.83734 -39.74922 13.38010 -20.85444 1.27800 1.59829 1.24366 1.60300 utk4
175.83610 -39.74836 12.04266 -20.06739 4.24500 2.11322 1.81445 2.28200 utk3
175.83777 -39.74638 21.63641 -24.97804 8.61400 2.02723 2.30136 2.47300 utk2
175.83783 -39.75013 11.83024 -22.69808 -0.48200 1.72227 1.95742 2.86000 utk1
164.46992 -20.83628 0.05038 -0.79872 -0.16900 0.36088 0.56289 1.15300 uaco
176.38256 -40.26498 -17.48864 -11.74445 -2.32900 0.47802 0.34161 0.72700 turi
166.21689 -22.01152 -0.17066 0.40712 -1.99800 0.28843 0.30809 0.89000 ttta
172.96049 -41.03368 -0.64881 -1.23752 -1.69500 0.51988 0.30382 0.76100 tkhl
210.39356 -17.57706 -83.15659 27.43506 -1.20100 0.35841 0.32373 0.74700 thtg
210.52446 -23.34180 -74.32563 27.78856 -1.35900 0.33568 0.29907 0.56000 tbtg
142.05742 -29.45016 0.20175 0.02452 -0.16900 0.21830 0.21658 0.45000 tbob
147.93085 -42.54644 0.02556 -0.42058 -1.67800 0.22380 0.21986 0.47700 spby
130.89157 -12.42459 -1.41235 2.23209 1.16100 0.60444 0.54786 1.81700 sa39
177.17777 -37.51807 5.65868 -8.62745 -3.69000 0.42229 0.46281 1.15700 rgwi
177.19248 -37.52434 9.69136 -9.10182 -0.80500 0.53801 0.56050 1.36100 rgwc
141.61347 -38.34439 0.48970 -0.77882 -0.87600 0.24417 0.25795 0.53300 ptld
164.02378 -20.23165 -0.48524 0.27167 -1.97200 0.53575 0.57095 1.52800 poum
165.35132 -20.93788 -0.25626 -0.31866 -1.30300 0.45804 0.51822 1.32900 pdme
166.44252 -22.26479 -0.45036 -0.05000 -2.50000 0.31892 0.31293 0.84400 nmea
172.77520 -42.66176 -19.84236 -12.92532 -0.10400 0.47710 0.34234 0.71100 mrbl
169.98450 -43.72658 -19.40839 -8.84067 2.78600 0.66996 0.63212 2.01200 mcke
169.68411 -45.03834 -29.57908 -13.58265 -1.50600 0.41186 0.40894 1.36300 ldrz
165.37548 -21.48034 -0.72932 -0.11565 -1.27300 0.32806 0.33673 1.03700 lcap
177.06976 -39.17226 -0.31343 -16.21526 -1.81900 0.57090 0.33465 0.69300 kut1
132.15251 -14.37507 0.22689 -0.07786 -0.02900 0.22092 0.22165 0.56200 kat2
132.89422 -12.65950 -0.20652 0.12506 0.40900 0.23299 0.22367 0.68800 jab2
142.29621 -10.59037 -0.28667 0.28415 -0.37900 0.29723 0.26126 0.85400 hnis
115.73858 -31.82552 0.16815 -0.65901 -2.95200 0.20047 0.18329 0.47500 hil1
172.79279 -42.55283 -11.43483 -7.86882 -0.32600 0.80365 0.33934 0.91900 hanm
225.03518 -23.13036 -77.93458 40.49534 -1.02600 0.42167 0.32980 0.66000 gamb
181.87906 -14.30780 -84.05376 -0.15346 -0.72200 0.42503 0.37742 1.19800 ftna
121.89433 -33.87432 -0.03569 -0.41994 -1.20000 0.19413 0.20434 0.48900 espa
130.95593 -12.44331 -0.63893 0.24246 -0.87100 0.26421 0.25546 0.84600 dwni
131.13274 -12.84371 0.36009 0.66264 1.81400 0.48190 0.62122 1.93600 darr
130.89149 -12.42401 -0.12348 0.30210 -1.09800 0.29995 0.30418 0.87800 darm
153.26654 -27.52615 0.17528 -0.09703 -0.28600 0.22419 0.21250 0.56200 clev
175.13653 -41.34048 -29.50114 -8.56378 -3.85600 0.37727 0.37134 0.92000 bth1
122.20909 -18.00397 0.05042 0.26335 -1.83600 0.22831 0.21668 0.50900 bro1
189.27756 -14.32609 -84.23361 7.62830 -6.44100 0.37027 0.33824 1.02700 aspa
117.81019 -34.95023 -0.04797 -0.34661 -1.19600 0.20850 0.21692 0.44900 alby
138.64735 -34.72900 0.30269 0.02222 -2.49300 0.32722 0.35806 0.85400 ade2
130.88173 -12.35592 0.20029 0.79621 -0.56000 0.30740 0.31807 1.06300 02na
130.98205 -12.47822 -0.09817 0.45559 -1.00800 0.27970 0.28084 0.92900 01na
130.84399 -12.46664 0.25476 -0.34787 -1.11100 0.27798 0.29042 0.91900 00na
137.69581 -34.93885 0.28495 0.67308 -0.05500 0.34844 0.35807 1.03400 ytwn
119.64580 -31.29069 -0.21129 -0.30649 -1.08200 0.21389 0.20894 0.48300 yelo
135.78438 -34.14415 0.23798 -0.25010 -1.10600 0.23021 0.23069 0.46600 yeel
166.94437 -22.15955 0.85402 -0.42560 -1.85900 0.50749 0.50811 1.46400 yate
172.48113 -43.49077 -31.97612 -12.44798 -2.75800 0.26491 0.28620 0.63800 yald
147.32168 -33.70342 0.35406 -0.01957 -1.83300 0.21381 0.21989 0.59100 wwlg
147.37121 -35.10962 0.11436 -0.52353 -0.32000 0.26587 0.29587 0.76000 wwcc
173.58616 -41.59501 0.20293 2.74896 1.26300 0.45006 0.37507 0.69500 wrau
134.35453 -19.93336 0.14390 0.43597 -1.07500 0.22509 0.21603 0.47600 wmga
138.35597 -34.26130 -2.79176 0.69488 -4.31300 0.91573 0.43170 1.63500 wldh
120.21837 -26.62568 -0.05466 -0.07140 -0.77100 0.21429 0.21003 0.46000 wilu
149.96480 -16.28744 -1.58227 0.39157 -1.73400 0.32770 0.35854 1.07900 wili
117.50064 -32.78176 0.09349 0.29787 -1.99800 0.49240 0.45557 1.18400 wick
117.35208 -33.30605 -0.55011 -0.16214 -2.50900 0.55008 0.55757 1.71700 wgn1
174.77871 -41.27265 -21.79050 -6.79168 -0.95400 0.37925 0.35039 0.75700 wel1
141.92046 -12.67832 -0.13280 0.52121 -0.41700 0.29843 0.25135 1.01800 weip
152.03039 -28.21347 0.49698 -0.06114 -0.63300 0.24652 0.26700 0.64600 warw
135.66045 -34.55887 -0.43165 -0.86684 1.16700 0.40108 0.38409 1.47000 wani
135.64328 -17.77633 -0.00710 -0.52916 -1.28000 0.30597 0.29820 0.79400 walh
140.00475 -34.19562 -0.08271 -0.04710 -0.97700 0.35481 0.33227 0.93400 waik
117.41010 -33.33306 -0.16182 -0.38897 -1.16100 0.20891 0.21155 0.43100 wagn
175.70413 -39.11561 -0.07990 -2.11832 -4.57800 0.38321 0.39996 0.91700 vgtm
175.67593 -39.09867 0.41816 -1.74701 -4.65300 0.42309 0.41289 0.95300 vgnt
175.60115 -39.17556 1.38712 -1.90903 -2.74400 0.35928 0.37309 0.75100 vgng
175.71075 -39.13571 -0.27651 -1.94757 -3.01800 0.41612 0.39897 0.90600 vget
186.01685 -18.65068 114.86840 -58.40920 0.16100 1.87056 1.20482 3.84200 vavs
151.23187 -33.91776 -0.11606 -0.02964 -1.61600 0.38593 0.40970 1.03400 unx3
153.40026 -28.34892 0.57619 -0.72774 -1.45500 0.30305 0.33918 1.17000 twed
150.12220 -36.03514 0.17673 -0.18021 -1.01100 0.22042 0.21467 0.55100 turo
151.92846 -27.53443 0.07961 0.24071 -1.69900 0.26094 0.22854 0.76300 toow
138.98309 -34.50580 0.22404 -0.22850 0.76400 0.36930 0.37521 0.84400 tnda
148.98000 -35.39920 0.41351 -0.11526 -1.49700 0.30628 0.28015 0.72000 tidv
133.69683 -32.12862 0.26403 -0.35743 -0.75900 0.24765 0.24224 0.60600 thev
172.79022 -42.21496 1.81739 -4.71429 -5.75100 0.67774 0.35403 0.81500 tenn
210.39062 -17.57651 -72.76737 25.91499 18.49300 15.92784 8.39362 2.85600 tahi
178.42525 -18.14593 -5.03277 -4.61184 -4.73300 3.04693 2.29976 8.43000 suva
170.13928 -45.63416 -28.97363 -13.34597 -1.10100 0.32299 0.32468 0.69800 sutt
145.21404 -38.37518 0.09225 -0.38430 -0.89800 0.24853 0.24721 0.65600 stny
145.13275 -37.91256 0.09902 -0.23850 -0.89900 0.32267 0.33450 0.82000 sg36
174.13729 -41.66382 -8.86737 0.14142 4.42000 0.44408 0.49964 0.95200 sedd
142.84875 -35.50452 0.31514 -0.33462 -1.02700 0.22893 0.23321 0.58100 seal
151.60161 -32.89029 5.42537 -2.52747 -19.76200 1.08074 0.49794 7.13400 seah
151.42986 -32.75861 0.79784 1.17666 4.32300 1.55951 0.40258 10.44600 sawg
153.57488 -28.27172 0.93040 -0.77006 -2.84700 0.26649 0.33602 1.09000 salt
137.93433 -32.47029 0.24952 -0.20858 -1.33100 0.20716 0.20557 0.43800 sa45
212.29396 -14.94583 -87.93046 28.05102 -1.54700 0.37473 0.36744 0.85000 rgtg
120.07089 -33.59674 -0.15438 -0.47863 -0.94200 0.20873 0.21181 0.45500 ravn
149.24894 -35.34106 -5.01698 -0.70103 -57.98900 1.02582 0.58331 2.38000 quea
168.31502 -17.74943 -90.83742 -40.42638 5.45300 1.50629 1.69351 6.76600 ptvl
138.48572 -35.09470 -0.71039 -0.75650 -1.24500 0.24857 0.23756 0.47900 ptsv
150.91370 -34.47554 0.25946 -0.08470 -1.25800 0.21146 0.21123 0.55100 ptkl
118.67886 -20.53975 -0.31351 -0.12293 -0.36700 0.25893 0.25217 0.66500 pthl
118.60554 -20.41206 4.76031 -1.20688 2.95300 1.65129 0.43406 7.73500 pthd
151.59651 -26.15761 0.97052 -0.50453 -3.13100 0.30211 0.29693 0.96800 pro1
164.90137 -21.11862 -1.53764 1.51239 -3.20700 0.54152 0.49724 1.24200 pmbt
174.09545 -39.27002 -0.93817 -1.08499 -2.93400 0.46992 0.36489 1.14700 pgne
174.01427 -39.29437 -0.42493 -0.77925 -3.10700 0.31139 0.35096 1.09100 pgkh
164.58100 -20.39248 -0.70571 -0.15000 -1.67200 0.39073 0.34791 1.26000 pebo
148.17021 -33.14119 0.03907 0.37303 1.21500 0.48396 0.53015 2.82400 par2
183.63120 -44.02429 -32.62468 0.52083 -2.12200 0.35168 0.35144 0.76500 owmg
170.51089 -45.86949 -29.04663 -13.47702 -0.29400 0.32651 0.28623 0.83800 ous3
166.48489 -22.22832 0.56013 -0.48855 -1.33300 0.36840 0.42265 0.90700 nrmg
121.78724 -32.26002 -0.22980 -0.25789 -0.81600 0.20607 0.20156 0.46600 nors
139.66244 -34.69516 -0.31291 -0.38789 -1.98100 0.44780 0.41673 1.49400 nild
141.64601 -36.30842 -0.08329 -0.68996 -0.41600 0.22798 0.21971 0.49500 nhil
136.20086 -34.08486 -1.18346 -0.32643 -0.40300 0.55509 0.72130 1.58200 neil
166.41612 -22.24199 -0.57514 -0.02800 -1.66700 0.44282 0.42165 1.12600 nbtg
150.93900 -32.25154 -4.81674 0.95011 -6.23800 1.54752 0.40943 10.07500 musw
149.08819 -35.05614 0.32429 0.00122 -0.99800 0.30026 0.26621 0.78900 murm
151.37985 -32.70976 0.99616 -0.25140 -0.43600 0.97882 0.39196 11.73000 mtmm
117.84310 -28.11531 -0.36251 -0.02846 -0.43500 0.21998 0.21385 0.44500 mtma
135.33069 -34.13529 0.20519 0.01266 -0.77900 0.33836 0.34141 0.81900 mthp
140.78104 -37.83307 0.24033 -0.51362 -1.51300 0.28664 0.26955 0.64700 mtga
143.44891 -37.58762 0.02507 -0.22512 -1.70800 0.24681 0.23064 0.46300 mtem
133.20671 -25.94569 0.07356 -0.01844 -0.55000 0.19971 0.19411 0.39300 mtcv
170.26254 -43.98500 -27.14989 -12.80544 -0.32200 1.07161 0.87485 3.95200 mtc1
139.26171 -35.14956 0.14596 0.02821 -0.54200 0.29156 0.25700 0.83700 mryb
139.48713 -20.73655 -1.89488 0.79923 -1.46200 0.27885 0.30745 0.66900 misa
151.33920 -27.80977 1.54302 -3.11042 -5.22600 0.58151 1.23255 10.38400 mil3
138.54338 -35.21801 -1.01943 -0.83570 3.97600 1.38051 0.53767 10.58000 mclv
148.14496 -26.35890 0.41005 -0.10654 0.14300 0.25901 0.25520 0.48900 mchl
137.67402 -34.37409 0.32091 0.27036 -1.73700 0.33158 0.32089 0.68800 mait
158.93590 -54.49979 -9.42239 -18.94418 -2.82400 0.61623 0.70165 2.00200 maci
173.48243 -42.01156 -7.93966 -0.72539 10.56600 0.63777 0.36713 0.77100 look
130.82473 -12.45546 -0.35582 0.37623 -0.05900 0.25139 0.24209 0.76100 lkya
165.83162 -21.70937 -1.99636 1.20904 -4.03100 0.52249 0.40986 1.09200 lfoa
147.14599 -41.43468 -0.45457 0.25537 -1.48000 0.26393 0.26474 0.72600 laun
133.21276 -15.57315 0.08989 -0.18878 0.24100 0.21445 0.22013 0.64700 larr
140.51264 -35.32580 -2.17789 -1.10831 -2.01000 0.45961 0.35754 0.80800 lam1
151.49136 -32.79894 0.86268 0.13876 -0.48500 0.34831 0.29061 1.10000 kurr
128.76263 -15.67696 -0.17663 0.29130 -1.38000 0.37986 0.27900 0.60300 kunu
117.70264 -31.62232 -0.13890 -0.38542 -1.44500 0.20473 0.20412 0.42700 keln
139.88691 -35.09735 0.25426 -0.24208 -1.21000 0.31713 0.35423 0.77900 karo
121.45926 -30.78439 -0.05596 -0.16314 -0.77800 0.20069 0.20680 0.49200 kalg
138.63930 -33.00062 -0.13024 0.09242 -0.57400 0.34640 0.33047 0.92900 jmst
132.89390 -12.65885 -0.57497 0.57801 -6.39100 0.51272 0.63907 1.62100 jab1
152.75935 -27.61493 0.15112 0.59301 -2.06100 0.40733 0.37599 0.90400 ips2
254.63820 -26.47291 53.96091 33.74770 -2.06100 0.68262 0.54131 0.81200 ilsg
143.49206 -32.86413 0.24123 -0.21717 -0.61100 0.20851 0.20677 0.47000 ihoe
118.89188 -32.44938 -0.16477 -0.23592 -1.04800 0.20480 0.20509 0.45700 hydn
165.62733 -21.27705 -0.59613 -0.33535 -5.17900 0.67301 0.55196 2.56200 hlou
152.48686 -30.32662 0.65102 -0.30515 -1.59000 0.28061 0.27592 0.59800 hern
152.82656 -25.28303 0.60743 -0.22835 -1.83400 0.28668 0.30329 0.96300 hbay
174.91704 -41.23512 -23.78275 -7.70921 -0.79800 0.86954 0.70819 1.55800 grcf
173.82186 -41.85723 -5.80107 -4.77851 2.74900 0.73666 0.36543 0.76400 glok
151.25443 -23.84127 0.28044 0.11705 -0.89000 0.27364 0.30439 0.84200 glad
152.33112 -27.54393 0.29813 0.37737 -0.26300 0.22301 0.20981 0.51100 gatt
149.91520 -37.56812 0.17448 -0.34600 -0.98800 0.21195 0.21628 0.45900 gabo
181.83976 -14.29605 -84.56059 1.71513 -1.98300 0.85740 0.69778 2.73800 fttg
148.24158 -40.21438 0.14192 -0.52108 -1.20100 0.26985 0.24703 0.57800 flnd
121.88815 -33.84107 -0.11817 -0.15270 -2.42800 0.53373 0.52760 1.31300 esp1
148.52025 -23.47831 -0.45023 -0.55925 -0.19600 0.26583 0.23265 0.60600 ensh
148.60306 -32.24669 -0.05287 -3.09566 8.76700 0.42977 0.46622 10.99000 dub1
131.18683 -13.83457 -0.16149 -0.03809 -0.27000 0.21540 0.22196 0.57500 doda
151.55442 -32.84556 0.00485 -0.38956 -1.70200 0.84994 0.81870 9.91300 dara
151.26380 -27.17054 1.06015 0.66588 -3.50800 0.22365 0.25433 0.56200 dalb
115.89480 -32.00389 -0.44041 -0.45479 -1.95000 0.22205 0.22341 0.39100 cut0
176.20155 -40.90981 -27.69441 -10.46527 -4.00300 0.27877 0.25561 0.65100 cstp
145.75832 -16.93572 1.10260 1.20725 -0.26000 0.34571 0.33501 1.27600 crns
153.42152 -27.53771 -1.29662 -1.80016 -3.32300 0.28436 0.31296 0.89400 crl0
115.84120 -31.94250 -1.25816 1.58313 1.73400 0.43378 0.57150 3.49600 crkp
153.04715 -27.44105 0.51443 0.65595 -1.92900 0.28625 0.36492 0.91600 crkb
138.58915 -34.93385 0.76438 -1.45375 3.60300 0.38281 0.36542 1.03600 crka
151.18503 -33.92368 1.03957 0.73178 1.46900 0.97084 0.39503 10.15000 crk1
200.18761 -21.20078 -76.83781 17.83272 0.39000 0.52426 0.40410 1.25600 cook
134.72258 -29.03471 0.16825 -0.18165 -0.92900 0.20464 0.20061 0.46800 coob
148.60829 -31.03731 -1.25532 -4.28395 -3.70800 0.72909 1.25249 1.17000 coo2
139.85350 -35.69110 0.28161 -0.20120 -1.24900 0.26157 0.26846 0.62500 cnlp
148.82642 -32.91394 -0.09225 0.26650 0.96300 0.38374 0.37376 1.49700 cmnk
172.75274 -43.56583 -32.62420 -12.29209 -2.12300 0.87765 0.76314 2.46500 clsk
173.81539 -42.14460 -18.19484 -15.96673 -4.69500 0.57187 0.59440 0.90600 clrr
153.11754 -30.29535 0.25654 0.32467 -0.94700 0.30538 0.29429 0.86000 chcc
138.20826 -33.35377 -1.35097 0.64131 -1.95500 0.46039 0.38310 0.83200 cbrk
149.05050 -35.32409 -5.65732 1.13183 -44.14700 1.27966 0.48917 7.22700 canb
117.17465 -30.52552 -0.11505 -0.27605 -1.01700 0.20381 0.20355 0.44700 bura
149.01151 -30.02743 1.46316 -0.30204 1.40100 0.41653 0.41061 1.46700 bur4
145.91485 -41.05006 0.38931 -0.46434 -1.26000 0.21120 0.20262 0.40700 bur2
139.90306 -22.91354 0.50808 0.05783 -1.09200 0.24592 0.23213 0.49200 bula
147.24394 -42.73911 -0.01001 -1.42586 0.42700 0.37445 0.51644 1.45200 brtn
144.20401 -36.03140 0.42914 -0.27876 -0.48200 0.24657 0.24813 0.60300 broc
151.33391 -32.65715 0.52005 -0.76665 -2.85100 1.13671 0.43387 12.68800 bra2
153.56155 -28.86920 -0.49261 -1.48448 3.77900 0.42600 0.68396 11.19000 blna
140.60031 -34.28612 -6.66262 0.08766 -53.73900 0.64909 0.40793 2.51000 beri
146.65774 -36.34644 0.24635 -0.25596 -1.86900 0.23068 0.23324 0.54400 beec
153.20253 -27.72033 0.89106 0.48885 -2.47700 0.23635 0.24097 0.73800 bee2
152.99508 -27.98709 0.28240 0.02238 -0.76000 0.21772 0.20994 0.54000 bdst
153.06917 -26.68465 0.05441 -0.01543 -0.34700 0.29750 0.37097 0.88900 bdrm
147.65603 -37.75860 -0.20942 -0.30832 -1.51900 0.24440 0.24868 0.62000 bdle
153.19363 -28.12534 0.70203 -0.74908 0.03700 0.31637 0.34260 1.06000 bcmt
136.05868 -32.81035 0.37062 -0.34325 -0.99500 0.19800 0.19844 0.43500 bboo
153.37403 -27.94058 -0.07972 -0.00355 -3.63800 0.29520 0.31440 0.95700 arun
137.16010 -30.45328 0.13868 -0.21930 -0.53300 0.20280 0.19913 0.44800 anda
133.87922 -23.76699 -0.12139 0.34815 -0.12300 0.27361 0.26148 0.59600 21na
133.88275 -23.69819 0.14143 0.19650 -0.22400 0.25840 0.26855 0.65200 20na
175.99478 -38.69184 -0.98752 0.68534 -0.73000 0.38723 0.37609 0.80200 z406
175.80459 -38.67234 0.53650 -2.89442 -0.30300 0.81081 0.81318 2.33100 z004
139.59791 -32.56477 0.22510 -0.54764 -1.07300 0.55610 0.46954 0.98100 yunt
148.28275 -34.30375 0.50630 -0.09554 -1.27900 0.23188 0.22505 0.50000 yung
130.94157 -25.23105 0.21903 -0.10463 -0.30100 0.23662 0.23243 0.51500 yula
146.67519 -38.56516 0.35210 -1.09432 -3.76800 0.28139 0.30471 0.96700 yrrm
146.67064 -38.55997 0.68078 -1.41775 -5.63400 0.78522 0.75491 2.45800 yrm2
149.01667 -23.27001 4.93050 1.88096 2.55200 0.38049 0.44675 1.44600 yrbe
137.60627 -35.01703 0.41759 0.10593 -0.51200 0.39603 0.39219 1.41100 yor5
146.21821 -38.81223 0.52082 -1.34439 -0.73300 0.29593 0.33971 0.73800 ynki
153.35790 -29.44743 0.47863 -0.18707 -2.04300 0.23561 0.22836 0.60400 ymba
150.73231 -28.63165 0.40030 -0.03122 -0.48000 0.49374 0.47339 1.12000 ylrb
145.23584 -35.92793 0.48977 -0.56031 -0.34100 0.41800 0.39077 1.28800 yiel
148.91325 -34.84490 0.28213 -0.14187 -2.11700 0.22701 0.23093 0.54900 yass
141.45461 -34.52797 1.02325 -1.31318 -2.92600 0.29396 0.25103 1.13100 yars
151.92223 -31.23633 0.32810 0.12413 -1.59200 0.25166 0.23202 0.62900 yaro
146.20690 -38.81227 0.99170 -0.95512 -1.27300 0.30517 0.36494 0.80900 yank
146.20687 -38.81230 0.67671 3.39687 3.16900 1.09489 0.99271 3.16000 yana
146.34903 -38.18210 1.06870 -1.15377 -6.75200 0.25910 0.29534 0.77600 yall
152.79012 -27.92746 0.21111 -0.11071 -1.27100 0.39435 0.37793 1.02000 wyrl
151.42398 -33.28254 0.38448 -0.66053 -1.36700 0.23078 0.23520 0.56000 wyng
143.22594 -36.07746 0.32118 -0.32439 -0.77000 0.24904 0.25078 0.63700 wych
144.05157 -38.28227 1.98381 -1.38554 0.84600 0.50882 0.31613 0.86400 wurd
135.45368 -33.04466 0.50040 -0.51383 -1.29200 0.69485 0.56453 1.77300 wudn
148.95661 -32.57378 0.16816 0.19968 -1.71500 0.30701 0.29892 0.71600 wton
122.09485 -33.51308 -0.61192 0.03335 -2.09200 0.90808 0.63369 1.82900 wthl
139.19324 -34.70103 -0.97844 -0.91864 -0.16000 1.07265 1.01484 2.69600 wth2
143.09301 -30.85328 -0.60339 -0.69272 2.40000 0.30294 0.29779 0.62300 wtcf
116.06150 -33.23800 -4.41432 -2.24248 -1.04600 1.78610 0.93794 2.78100 wsly
150.70244 -33.88615 1.39964 -2.09296 -5.16700 1.85144 1.33543 2.88800 wsia
145.11619 -37.51454 0.58932 -0.27591 -3.72400 0.34809 0.35951 1.21500 wsea
147.83645 -31.70080 0.19150 -0.41322 -2.19000 0.22503 0.22822 0.53500 wrrn
144.05156 -38.28220 -1.62924 -1.24254 -0.79200 0.51420 0.44764 1.30800 wrdi
144.66878 -37.90572 0.08115 -0.99228 -4.94000 0.69332 0.68110 1.45500 wrbe
144.29969 -38.19607 0.59091 -1.03813 -2.21300 0.44455 0.40885 0.94500 wpnd
145.59086 -38.60809 0.55919 -0.34028 -1.59700 0.22145 0.23124 0.64800 wotg
145.53003 -37.77707 -0.04245 -0.32029 -0.92400 0.28171 0.26465 0.75500 wori
145.53004 -37.77705 3.22454 -0.41529 -7.35600 2.54636 1.28455 6.29200 woor
145.41211 -16.35905 0.06499 -0.15317 -1.40600 0.34739 0.32569 1.08900 wong
140.21730 -34.17616 -0.59647 -0.25088 -3.60900 2.99623 1.29262 6.94000 wolp
150.88970 -34.42836 0.71693 0.34236 -0.80100 0.57205 0.57011 1.65100 wol2
143.00629 -22.46916 0.06859 -0.41407 -1.10100 0.35568 0.33445 0.78600 wntn
146.32306 -36.35454 0.16087 0.45213 -4.87900 0.35175 0.35915 1.14500 wnga
150.01722 -26.12376 1.48787 -0.68954 -3.59800 0.45405 0.70301 0.75700 wndn
142.47852 -38.38271 0.33739 0.05105 -1.62800 0.30333 0.32048 0.76300 wnbl
152.62546 -30.93064 1.25797 2.10678 -4.11400 0.34435 0.62196 0.84700 wlwn
115.87964 -32.04239 0.20823 -0.39598 -3.87200 0.33976 0.32372 0.95200 wlt1
149.13772 -35.59454 0.35497 -0.24524 -2.20000 0.33494 0.31876 0.82400 wlmd
148.11694 -30.02338 0.16973 0.04852 -1.08800 0.21896 0.21224 0.53600 wlgt
143.37510 -31.55529 0.63675 0.11817 -0.62500 0.33218 0.36582 0.71000 wlca
120.64350 -19.77860 0.05862 0.08675 -0.25600 0.23615 0.21951 0.51900 wlal
116.87972 -33.02601 -0.52255 -0.08564 -1.23800 0.34441 0.35351 0.78100 wil3
137.58550 -33.03514 0.51668 0.21647 4.21800 0.68791 0.60638 2.14300 whya
145.06763 -37.64501 0.38583 -0.14245 -1.71500 0.50797 0.53156 1.27900 whtl
137.59157 -33.01640 -0.12322 -0.01014 -1.64400 0.66429 0.68906 1.87600 whla
116.02808 -32.29752 -0.58592 -0.24781 -1.48000 0.20069 0.24188 0.39500 whiy
147.36930 -35.10718 0.18365 -0.37315 -1.45500 0.21368 0.21323 0.44000 wgga
150.59775 -33.88642 -0.27242 -0.25249 -3.03400 0.35748 0.33292 0.86800 wgba
150.99497 -34.13421 0.15090 -0.33780 -1.44500 0.22886 0.21590 0.52800 wfal
141.88461 -34.08877 -1.00831 -1.01629 -0.13500 0.65417 0.56887 1.59300 went
143.83022 -37.53775 0.74771 -0.35500 -2.43900 0.31330 0.31541 0.93000 wend
149.00540 -32.32593 2.06419 1.05562 -0.53000 0.83895 0.94964 3.38300 wel6
141.86239 -12.66834 -0.73401 -0.34445 2.48000 0.68918 0.55529 2.21700 weia
149.25453 -29.01328 1.30491 -0.12196 0.83100 0.26465 0.32298 0.56300 weem
143.61403 -36.42551 0.43488 -0.42838 -1.03700 0.26215 0.28064 0.69400 wedd
146.85931 -36.11365 -0.17159 -1.28420 -4.32700 0.62637 0.70991 2.00500 wdng
152.60714 -28.39343 0.48833 -0.30846 -1.32500 0.26124 0.25455 0.72600 wdbg
152.73427 -31.46106 0.31767 -0.07888 -1.11100 0.33480 0.29887 0.67200 wchp
142.48231 -38.37916 -0.68735 -3.13789 1.41900 0.88303 0.98686 2.14800 wbol
144.66855 -37.90614 0.16427 -0.07436 -3.81300 0.35143 0.40286 1.09500 wbee
150.57421 -29.54058 0.17958 -0.25829 -0.71900 0.24905 0.30607 0.55200 war3
137.61657 -33.93014 0.31609 0.44716 -2.38100 0.70891 0.67080 1.66900 waoo
147.73418 -35.96600 0.98958 -0.09180 -0.45500 0.26272 0.26383 0.83900 walw
144.38100 -35.45533 0.64241 0.67335 0.08800 0.24041 0.26174 0.64200 wak1
117.41026 -33.33287 -1.07477 -0.16599 -0.63900 0.75785 0.68435 2.20000 wag1
210.70468 -17.80594 -83.31872 28.72005 -1.36900 0.40082 0.36786 1.33200 vrtg
150.97717 -33.88063 0.26986 -0.31837 -1.16400 0.22048 0.22678 0.50900 vlwd
143.92231 -35.73539 1.05446 0.79377 -2.72000 0.41936 0.34255 1.02400 vikr
138.59895 -35.55835 -3.82671 4.53579 -3.01500 1.61744 1.47862 3.83200 vhb3
175.67596 -39.09868 -6.54482 -11.13499 -14.28000 2.23421 0.98579 2.07400 vgt8
175.56341 -39.27527 -0.21802 -2.12257 -3.73400 1.57729 1.23663 2.78600 vgdr
138.61270 -35.54360 0.69674 -0.88928 -1.66400 0.59705 0.54303 1.56400 vcth
134.67543 -33.23480 -0.71041 -0.79920 -0.88200 1.32044 2.13545 7.05700 vbay
172.66284 -43.56722 -38.71478 -16.61094 1.77800 1.02456 1.22171 4.76000 v47b
115.81659 -31.97873 -0.46308 -0.40988 -1.61200 0.38089 0.36308 0.78200 uwa0
178.44639 -18.14908 -5.87214 -3.00765 2.85000 1.77360 1.19440 6.91100 usp1
151.23187 -33.91776 0.01894 -0.03164 -1.47300 0.37491 0.38819 0.93000 unx2
151.23270 -33.91819 0.19869 -0.08430 -1.34400 0.34392 0.31783 0.72200 unw2
151.23185 -33.91767 0.00386 0.10935 -0.07400 0.23461 0.22563 0.57500 unsw
141.81264 -35.17123 0.56924 -0.54819 -1.18600 0.22289 0.23184 0.58800 unde
143.26715 -35.47090 -5.51706 -10.31464 -5.42100 0.81452 1.25059 3.55000 ulti
146.20500 -41.15797 0.54939 0.60507 -3.70400 0.90425 0.87786 2.35400 ulst
150.46534 -35.36196 1.70770 0.31800 2.31800 0.30873 0.26888 0.77700 ulla
128.88315 -31.67958 0.31052 -0.08021 -0.82600 0.25716 0.25583 0.54500 ucla
153.04076 -26.39228 -1.06591 0.02174 -2.04600 0.51401 0.60922 2.20800 twtn
146.83476 -19.25226 11.09997 -4.26389 -5.77700 1.78177 1.64354 2.33200 twpt
150.16329 -30.64085 0.78811 0.81327 -0.86600 0.56144 0.50715 1.31600 twga
145.93165 -17.94174 0.10073 0.08545 -0.99700 0.35226 0.35069 1.12100 tuly
147.56971 -32.63220 1.04226 0.01312 -1.40100 0.28664 0.28108 0.59200 tull
145.20774 -41.48956 -15.48451 5.03632 -6.74200 2.53146 1.22167 1.78700 tsr1
145.13240 -40.85049 0.10970 -0.42004 -0.99800 0.47099 0.46835 1.29700 tsmi
149.21033 -24.54228 3.01250 2.97889 1.31600 1.72458 1.28857 5.22700 trug
149.89454 -25.80139 -9.74345 -1.29674 -0.60900 1.78253 2.80125 6.60300 troo
147.35507 -42.94248 22.02637 -0.21549 -2.83900 2.33755 0.55203 1.44800 trn3
151.89928 -26.79542 -0.20395 -0.08133 -1.18000 0.36154 0.40078 1.42200 trn1
146.53643 -38.19760 -0.21733 -1.08865 -5.93500 0.51375 0.49230 1.11900 trar
147.36975 -32.25336 -0.20101 -0.33827 -0.09600 0.24188 0.24169 0.58100 tott
146.97542 -32.00725 0.42169 -1.15739 0.65400 0.56339 0.51604 1.51500 tot1
144.30990 -38.32194 3.50907 5.51344 -2.47200 1.45264 0.84791 1.49600 torq
115.58434 -31.49569 0.42201 -0.62402 -1.18500 0.49039 0.33760 0.91300 tork
152.36642 -27.08332 -0.29037 -0.13048 -1.39800 0.28309 0.26208 0.58800 toog
151.92838 -27.53438 1.62154 0.54968 -2.66400 1.32767 1.37750 3.71800 too2
151.92837 -27.53438 -0.19546 0.66668 -1.81000 0.43476 0.41686 1.06800 too1
117.40031 -22.84645 -0.36640 -0.02303 -0.28300 0.24028 0.23377 0.51300 tomp
152.01992 -29.05477 0.43024 -0.08022 -0.98900 0.23538 0.22861 0.53900 tntr
150.57353 -24.49174 0.80168 1.85769 -1.01100 0.31234 0.33884 0.81300 tngl
148.22018 -35.30108 0.31690 -0.40418 -0.77400 0.21802 0.22586 0.48600 tmut
147.53441 -34.44644 0.41258 -0.33082 -2.67100 0.23451 0.23220 0.57800 tmra
146.28410 -24.77170 0.35003 0.21398 -0.77400 0.26980 0.27681 0.60800 tmbo
148.01153 -35.77768 0.29681 -0.07386 -1.26700 0.22397 0.21799 0.54800 tmba
149.46775 -28.48832 1.90285 -0.72496 -0.56400 3.41925 1.12058 4.76700 tlwd
147.12528 -41.41865 0.46667 -0.95044 -1.42200 0.59743 0.53633 1.32000 tltn
144.41379 -30.86696 0.33813 -0.17704 -0.87300 0.24517 0.24231 0.53300 tlpa
130.56832 -11.77539 -1.01789 0.06973 -6.23600 1.74221 1.15339 6.40300 tiwi
142.22195 -10.58648 0.30160 0.20077 -1.83200 0.41357 0.40589 1.14900 titg
139.46002 -35.27341 1.31506 -0.88603 -2.15400 0.51553 0.49887 1.07500 tibd
152.61882 -25.66593 0.36343 -0.32341 -5.62800 0.78424 0.85389 2.62100 tiar
146.39824 -37.84353 0.44152 0.15321 -2.33400 0.35560 0.32453 1.29300 tho1
150.07546 -24.94861 -0.03649 -0.89445 -0.52500 0.52488 0.64316 1.23800 the1
175.93960 -38.67346 2.18910 -1.45661 -4.06500 0.28765 0.38304 0.58600 tgw2
175.79290 -38.80202 0.52094 -1.75028 -0.24400 0.74879 0.67631 2.28100 tgk1
148.78449 -23.96063 0.75702 0.28778 -1.82200 0.31295 0.32995 0.81200 ter4
172.79021 -42.21502 38.95344 -6.92429 -18.12000 5.63109 0.85789 2.31700 ten2
147.55379 -34.44770 0.50939 0.54399 1.22600 0.65415 0.63888 2.32100 temo
141.11095 -36.12601 1.26573 -0.37468 -1.58700 0.43878 0.34443 1.07000 telo
146.77190 -19.27075 0.57483 4.31443 137.40200 0.65409 0.72024 3.62400 tcc1
153.00339 -25.91883 1.00113 0.74391 0.51300 0.31155 0.27472 0.98100 tcby
190.58012 -14.22203 -83.84365 10.32730 -14.94900 2.55131 2.37742 4.35100 tau2
190.48597 -14.23053 -79.50050 10.18783 -15.76200 3.08771 2.85466 9.06100 tau1
145.27045 -36.43964 -0.22580 -1.03920 -3.29600 0.25196 0.37984 1.06200 tatu
152.46593 -31.93407 0.90951 -0.68243 -0.93700 0.56836 0.48165 1.30500 taso
152.46380 -31.91220 0.64284 -0.37395 -1.04400 0.24357 0.23722 0.54300 tare
149.89452 -25.80138 0.72253 0.81225 -0.17500 0.33737 0.32328 0.77800 tar3
150.93092 -31.09285 0.33874 -0.08321 -1.25900 0.23868 0.23584 0.58400 tamw
150.93587 -31.09534 0.54895 -0.22822 0.68400 0.44547 0.47492 1.08700 tam4
149.11329 -26.04064 3.83560 18.41190 -0.30600 1.58658 1.17959 1.12000 talo
143.89491 -27.99222 4.04647 -0.14264 -4.23900 1.17965 1.00963 2.94600 tago
145.14079 -37.02310 -0.34870 -0.73579 -0.88200 0.73819 0.58595 1.70500 symr
149.16106 -35.34251 0.23067 -0.29056 -1.04200 0.25882 0.25141 0.56700 sym1
152.87707 -27.67242 0.29170 0.13522 -0.94900 0.28512 0.26017 1.00000 swtc
143.56016 -35.34347 0.11679 -0.01228 -1.27900 0.24471 0.25581 0.69500 swnh
178.44336 -18.14825 -6.97159 -6.85410 3.92700 1.13850 0.85277 2.79700 svfj
149.07162 -27.15914 6.49258 -7.49228 -2.00700 0.80409 0.99367 1.73800 surt
141.13655 -37.72878 0.24158 -0.43487 -2.57600 0.24349 0.25349 0.74300 strh
149.00988 -35.31569 0.01864 -0.18439 -1.36200 0.22966 0.22069 0.60900 str4
149.58772 -22.48320 -0.67440 0.04414 -0.97000 1.45878 0.79904 1.10900 stlw
115.68434 -32.21240 -0.46376 -0.18548 -1.48600 0.56535 0.47867 1.22800 sti2
143.28529 -24.35024 0.51086 2.08605 2.20300 0.40615 0.44146 0.78000 sthg
138.89827 -35.25231 0.32823 0.12098 -1.80200 0.63811 0.57255 1.48800 stbn
142.76250 -37.05749 0.04682 -0.07509 -2.61200 1.19471 0.88091 3.23600 staw
143.25738 -36.61527 -0.35934 -0.12584 -1.24800 0.39502 0.40032 1.16700 sta8
143.25741 -36.61518 2.12061 -2.41583 0.02800 0.51861 0.48957 1.09800 sta6
145.58429 -40.96165 -0.14296 -0.33052 -1.65800 0.35845 0.38634 1.07400 ssck
140.98918 -36.37788 -0.19693 1.53271 0.52900 0.44976 1.04581 0.83000 srvc
152.80734 -27.69188 0.22884 -0.16206 -2.96900 0.60750 0.60418 1.70900 srip
150.56394 -33.69854 -0.19468 -0.09168 -0.75300 0.22097 0.22138 0.63500 spwd
151.62366 -32.96025 1.21444 0.09954 -0.27800 0.30720 0.28707 0.78000 sppt
115.89504 -32.00710 -0.33579 0.08611 -1.91300 0.30379 0.31959 0.63900 spa8
115.89504 -32.00710 -0.44879 0.07511 -1.59600 0.28538 0.29785 0.61800 spa7
151.17575 -32.55823 0.18662 -0.08068 -0.52700 0.23669 0.22981 0.62700 sngo
149.22564 -21.06689 -0.68720 0.91240 -0.78100 0.26154 0.26310 0.67100 slad
143.35951 -37.68485 0.16125 -0.50198 0.18000 0.24560 0.25164 0.64800 skip
152.90777 -27.68324 0.97497 -0.73032 -4.17300 0.45595 0.37865 1.02000 sfld
151.15164 -33.78286 0.48514 -0.84643 -0.13100 0.52780 0.48493 1.35400 sep5
151.15162 -33.78286 -395.32987 2949.32756 3.97100 1.76146 14.04904 1.44700 sep2
151.15038 -33.78087 0.24005 -0.85092 0.23700 0.53214 0.53418 1.76300 sep1
145.13919 -37.02422 0.73304 -0.58531 -0.75500 0.24333 0.25105 0.63600 semr
166.95186 -45.26517 -23.23831 -5.97443 -0.13600 0.58952 0.60160 1.41400 scty
150.86965 -32.05135 0.39169 -0.07473 -1.39800 0.24745 0.22531 0.55300 scon
121.54869 -32.95054 0.69971 1.93345 -0.76600 1.17588 0.87017 2.42900 sagm
149.97668 -32.79244 0.29350 -0.03262 -1.32000 0.23760 0.23719 0.61700 ryls
136.90209 -30.55810 1.30078 0.55941 -1.58000 0.35918 0.32139 0.84100 rxby
145.48269 -17.60640 -0.14035 -0.32866 -1.22800 0.37121 0.34287 0.89400 rvso
146.89610 -20.11193 0.66319 -1.71183 -2.02900 0.68786 0.69023 1.16500 rvnw
141.26898 -34.04248 0.32565 0.03248 -1.05400 0.26336 0.25463 0.55000 ruus
146.50890 -36.09846 0.13676 -0.74115 -2.12000 0.24607 0.26508 0.75000 ruth
142.63224 -36.63253 0.87870 0.34123 1.06400 1.32363 0.86691 2.34100 rupa
138.75094 -34.53626 0.05316 -0.53107 -0.01000 0.36751 0.43597 1.15600 rswt
151.91465 -24.63103 -0.57986 -0.35434 -0.71000 0.63063 0.56180 1.58200 rsed
150.79008 -23.16098 0.37662 0.14668 -0.93800 0.28689 0.26246 0.81600 rsby
115.52901 -31.99445 -0.79594 -1.48571 1.46800 0.93030 0.72861 2.13500 rot1
151.91465 -24.63103 0.71814 0.96366 -2.28800 0.36946 0.35491 1.02900 ros5
148.78788 -26.56955 0.63903 1.12539 -1.93400 0.34491 0.44254 1.04100 rom1
150.51415 -23.37796 0.56836 0.68505 -2.50000 0.40607 0.40092 1.14100 roc2
153.38126 -28.07696 0.52526 -0.16061 -1.55900 0.21125 0.20493 0.53500 robi
133.81654 -18.38788 -0.10050 0.12789 -1.39500 0.23099 0.22905 0.69400 rnsp
144.03312 -11.58958 -0.85114 1.32958 -2.58200 0.93671 1.04342 2.21400 rnis
141.99295 -35.90976 0.23123 1.86465 -2.12400 0.29568 0.46072 0.72200 rnbo
148.39688 -24.40665 -3.04682 -2.48419 2.63000 0.76430 1.26258 0.96800 rlst
225.03110 -23.11777 -78.04865 40.68625 -4.56300 0.43407 0.35340 0.79900 rktg
137.83480 -19.96761 0.19854 0.12028 -1.02700 0.23746 0.23655 0.50000 rkld
129.99221 -17.71160 -0.12661 0.00335 -0.60500 0.28027 0.26733 0.75400 rivn
150.20910 -23.28765 1.68582 0.64482 -4.76900 0.35647 0.33879 0.90500 rid1
145.96184 -41.06512 0.40958 -0.43441 -1.76100 0.20801 0.21412 0.47600 rhpt
149.65499 -33.41566 0.13778 0.04577 -1.08700 0.25449 0.21653 0.47000 rgln
150.20862 -23.28789 -0.97021 1.93862 -9.07100 0.93317 0.91988 5.41800 rdg3
150.50847 -23.38104 5.14906 3.69170 -7.31100 1.16094 0.66609 1.72200 rck2
143.14725 -20.73671 6.58616 -0.45266 15.87400 0.61013 0.64943 2.30000 rchm
173.31110 -41.47950 0.23966 -0.33864 -1.57000 0.62176 0.41264 0.92200 rchd
147.58729 -23.42642 0.50525 -0.58256 -0.38100 0.37799 0.34640 0.72500 rbyl
142.76988 -34.59032 0.64428 0.33809 -1.42200 0.29522 0.32725 0.72300 rbvl
151.74543 -32.76287 0.29432 -0.09722 -1.51800 0.32421 0.31057 0.74000 raym
146.38865 -37.95394 0.85952 -0.88813 -2.88400 0.62050 0.54326 1.57000 raws
146.26165 -33.84198 0.43832 0.22403 -1.04100 0.26925 0.25285 0.56800 rank
146.57851 -35.59377 0.10131 0.28780 -1.61300 0.25334 0.22788 0.51500 rand
134.92451 -12.43347 -1.29059 -0.49426 -0.23000 1.12475 0.78487 2.83700 rami
175.01202 -41.14493 -15.18306 -5.64487 1.42100 1.04945 1.03082 2.53700 qwlp
145.56460 -42.07962 -0.31118 -0.78568 -2.21400 0.53262 0.52389 1.23000 quee
147.87001 -30.93299 -0.27784 0.17152 2.69100 0.30808 0.31497 0.72300 quam
178.46800 -18.12896 -5.32303 -4.98973 -0.96900 0.78165 0.80805 3.02100 qsvp
115.35263 -29.04515 -0.39072 -0.25051 -1.27000 0.53530 0.47668 1.10300 qprp
130.88282 -12.42921 -1.03948 -0.28742 -1.94600 0.78450 0.66420 2.57600 qdrp
144.63809 -38.27031 0.01625 -0.25467 -2.79400 0.25676 0.29319 0.68600 qclf
152.93861 -27.50975 1.25964 -0.68966 -1.03000 0.56356 0.48840 1.73200 qbrp
140.54517 -36.69157 0.70921 0.44172 -0.34100 0.82696 0.75117 1.89700 pway
150.65952 -32.95304 0.19845 0.08496 -1.48300 0.23226 0.23377 0.66100 puty
152.88251 -31.45322 2.62684 -1.28610 -8.38600 0.85094 0.52656 4.39600 ptmq
135.85652 -34.72904 -0.78511 -3.64218 -3.86900 0.60606 0.73635 2.26400 ptln
150.86249 -23.58411 0.32182 -1.19814 -0.77000 0.48726 0.54450 1.19900 ptlm
142.23828 -38.38504 0.21246 -0.37161 -1.24200 0.23387 0.25536 0.55600 prtf
151.59651 -26.15761 0.48052 0.15247 -0.10100 0.56333 0.52555 1.61400 prot
148.17647 -33.13473 0.24623 -0.14958 -0.12000 0.22403 0.22121 0.57100 prks
149.08900 -35.36357 0.54275 -0.44533 -2.31400 0.28888 0.27462 0.61600 prce
130.84307 -12.43262 -0.30496 0.44942 1.10100 0.48748 0.48944 1.44800 prap
210.42813 -17.54257 -83.46784 27.73680 -2.31200 0.52187 0.47412 1.49200 ppt3
164.02383 -20.23134 0.15253 -0.45530 -4.96700 1.36208 1.39021 3.32300 poue
142.56686 -33.38252 -1.46329 -0.00609 0.34400 1.45550 0.32122 0.62700 poon
142.99703 -38.61742 0.08547 -0.50187 -1.08500 0.27530 0.28682 0.71300 poca
147.84716 -43.14312 0.01597 -0.27704 -2.00800 0.52880 0.56029 1.41900 poar
145.40490 -20.52186 0.68271 -0.80574 -1.09600 0.61875 0.56072 1.71200 pntl
150.68774 -33.73998 -0.42638 0.36679 -2.27400 0.31726 0.33739 1.93600 pnth
138.41601 -34.31187 0.32189 -0.71265 0.72900 0.43531 0.40490 1.12900 pnry
140.82658 -37.40835 0.67265 0.49906 -0.80200 0.69420 0.81610 2.19600 pnla
145.67272 -16.73977 -0.03039 0.22818 -1.64100 0.36230 0.34123 1.09700 pmcv
152.89768 -31.46190 -0.07830 0.09148 -1.49700 0.23766 0.23181 0.58100 pmac
135.87419 -34.72138 -0.33928 -0.86450 -1.29900 0.70699 0.61818 1.95000 plsa
139.06598 -34.74614 0.00529 -1.03925 -4.83300 0.62007 0.56746 1.59000 ple2
144.96092 -37.79981 0.26468 -1.08932 -1.90000 0.22169 0.25296 0.59800 pkvl
145.48557 -38.07754 0.53070 -0.82425 -1.89400 0.47601 0.45364 1.29800 pknh
145.49414 -38.11134 -0.28601 -0.72620 -2.49800 0.51610 0.46485 1.29400 pkhm
151.63256 -27.71620 -0.24733 0.26862 -1.72700 0.48534 0.48293 1.35400 pits
116.97967 -32.49120 0.26372 -0.09293 -1.37200 0.49669 0.44959 0.87700 piny
140.90684 -35.26148 -0.20938 -0.75795 -0.40300 0.37140 0.35865 0.87500 pinn
153.33604 -27.80671 0.00739 -0.91843 -1.36500 0.48556 0.47171 1.14400 pimp
143.32773 -35.05433 -0.91747 -0.52006 -2.66300 0.26325 0.22700 0.69100 pia2
148.40997 -36.41128 0.24594 -0.24298 -0.99400 0.23396 0.22988 0.56900 per5
165.35132 -20.93788 -1.30527 0.11135 -0.65900 0.72093 0.72530 2.50500 pdma
150.60515 -34.15761 0.69985 -2.64459 -2.48600 0.29444 0.30901 0.68900 pctn
151.21206 -33.97402 0.09884 -0.16195 -1.41800 0.21557 0.21194 0.44200 pbot
142.19092 -35.38294 2.13940 -4.39484 -3.13600 0.66616 2.39632 3.45400 patc
210.42546 -17.56674 -76.92928 21.12165 14.95300 3.75485 2.14530 9.73700 pam1
144.06779 -38.44210 4.50786 -4.16795 -6.83000 0.35795 0.37443 0.95800 pain
142.19089 -35.38294 0.19238 -0.52785 -2.09000 0.45669 0.80296 1.00800 pac1
144.10171 -34.19316 0.76506 -0.46151 -2.03100 0.33126 0.31016 0.66100 oxly
148.64605 -32.75384 0.20017 -0.37690 -1.49000 0.24599 0.23629 0.49200 oval
149.09803 -33.28519 0.19540 -0.20987 -1.91800 0.22143 0.21605 0.61200 orng
149.10315 -33.30267 0.07994 1.68275 12.27600 0.68771 0.66894 2.38600 orge
148.45514 -37.70410 0.14325 -0.24964 -2.36000 0.24228 0.25686 0.72200 orbo
150.74014 -34.00096 1.45855 -1.51875 2.32100 0.31775 0.33190 1.18700 ora2
138.48975 -35.17735 0.29379 -0.59023 -1.42400 0.56721 0.46392 1.27900 onkp
147.60057 -37.10199 2.32073 -1.43810 -2.46600 0.36446 0.43148 0.68400 omeo
136.89062 -30.43941 0.05707 -2.11048 -1.65700 0.36894 0.36043 1.06800 olym
136.89062 -30.43940 -2.57193 -0.22148 -3.36000 0.67386 0.58117 1.84100 oly2
149.85761 -33.70394 0.12333 -0.03441 -1.05800 0.22236 0.21541 0.46100 obrn
130.86619 -29.50253 -0.60854 0.27453 -1.65400 0.61272 0.51901 1.42400 oakv
146.31563 -32.06615 0.63931 -0.21286 -1.65500 0.26416 0.25818 0.58000 nyma
118.17497 -33.66562 -0.03302 -0.07690 -0.12800 0.49633 0.44878 1.06300 nybg
150.60481 -34.87376 0.24433 -0.09829 -1.25100 0.21662 0.21294 0.47100 nwra
151.76523 -32.92957 0.21773 -0.16388 -0.89000 0.21676 0.21667 0.46700 nwcs
130.89380 -31.43867 0.29589 -0.34807 -0.89900 0.29690 0.29891 0.60500 nula
190.07282 -19.07621 -78.38537 7.69730 -0.64800 0.49339 0.41234 1.50400 nue1
133.97004 -21.45723 -0.09274 0.17652 -1.10900 0.24574 0.24253 0.54500 ntjn
150.44411 -29.04554 0.25435 0.28378 -1.24400 0.24849 0.24769 0.52500 nsta
139.31687 -35.49012 0.74684 0.08532 -0.23400 0.54088 0.50777 1.81600 nrrg
148.23871 -32.23444 0.50041 0.40152 -2.62800 0.24406 0.23837 0.48600 nrmn
151.71628 -31.51355 0.28276 1.33132 -0.99600 0.23846 0.26282 0.56500 nowe
153.08016 -26.38301 -0.17035 -1.36247 4.57100 0.64645 0.54651 1.74900 nosa
153.04427 -26.41195 -0.83089 0.17098 -3.61500 1.26674 0.69806 3.79300 noos
145.99626 -37.88972 -0.32296 -0.87582 -1.75100 0.72427 0.59075 2.60700 nooj
141.06917 -17.67168 -0.05533 -0.06067 -1.47600 0.26725 0.25981 0.71200 nmtn
153.23158 -28.59783 0.51395 0.04380 -0.67300 0.26171 0.24761 0.70600 nmbn
141.00622 -38.04790 -0.09617 0.00405 -0.82600 0.44423 0.47070 1.18700 nlso
173.25712 -41.27851 -3.89845 1.21121 -15.21000 1.45232 0.68098 3.51800 nls4
173.25482 -41.27779 5.79771 2.91750 -10.58600 1.03745 0.68049 2.37400 nls3
173.25400 -41.27814 -2.02335 -3.77112 -3.79500 0.92250 0.94977 4.12100 nls2
173.25576 -41.27828 -18.21634 7.03520 -5.29600 0.98347 0.98075 3.47700 nls1
147.89221 -21.21261 0.73692 0.35524 6.94700 0.81248 0.59206 2.11400 nlnd
190.07935 -19.05300 -77.24854 6.53176 -1.57100 0.53143 0.46551 1.25300 niut
190.06887 -19.06235 -78.30612 7.33783 6.67600 0.45640 0.44395 1.41300 niuc
138.48950 -34.79382 0.30106 0.43365 -0.09400 0.30382 0.31685 0.72100 nhav
147.19456 -31.56390 0.52175 -0.33190 -0.66000 0.24103 0.24235 0.57600 ngan
145.35209 -38.51399 0.22221 -0.81188 -2.33700 0.22933 0.23528 0.61800 newh
151.78875 -32.92396 0.36320 -0.08377 -0.86800 0.23330 0.22883 0.46600 newe
118.82151 -33.02153 2.30463 1.10716 3.87200 0.59041 0.46761 1.50700 newd
153.33472 -27.99080 0.21073 -0.08618 -0.90700 0.50779 0.42219 0.99200 nera
141.00621 -38.04791 -0.15516 -0.16895 -1.12500 0.28189 0.29884 0.75800 neln
148.69855 -21.64028 0.17618 0.45268 -1.57400 0.27877 0.28395 0.72300 nebo
146.53754 -34.75190 0.34584 -0.10711 -1.56000 0.22621 0.22151 0.50900 ndra
116.12327 -34.70837 -0.17446 -0.30602 -0.68400 0.24384 0.24545 0.52600 nclf
145.81404 -29.67715 0.14387 0.39202 -1.02200 0.26447 0.26394 0.55300 nbrk
149.78636 -30.33012 0.32294 -0.13508 -0.67000 0.22265 0.22128 0.45500 nbri
149.83877 -30.36224 -0.42255 0.38291 2.20200 0.56586 0.63690 2.60300 nara
138.26278 -34.01695 2.73381 -1.67525 -0.03700 0.82180 0.75114 1.30800 nan1
149.33765 -23.73878 0.37204 -0.01576 -0.89900 0.41254 0.30457 0.76100 namo
152.96809 -26.61988 1.85904 -0.37651 -0.51200 0.53983 0.48661 1.73600 namb
118.03833 -33.35835 -0.24971 -0.48401 -0.62100 1.39911 1.41572 7.22000 nair
146.72220 -36.55796 0.44271 -0.22927 -0.52000 0.25839 0.26846 0.75900 myrt
115.73808 -33.05508 0.09924 -1.79140 -0.68300 0.63823 0.55205 1.24200 myap
145.98846 -35.99313 5.47770 4.63823 -2.89200 0.29388 0.37977 0.53200 mwal
145.74077 -37.51023 0.05475 -0.24792 -4.98200 0.32414 0.36492 1.30700 mvil
183.83152 -13.28465 -88.29710 2.90598 -3.51500 0.37422 0.36378 1.51500 mutg
150.93272 -32.25442 0.33097 -0.89352 -2.16800 0.54946 0.50759 2.08600 mus3
141.18112 -35.26258 0.19092 -0.25988 -0.48700 0.24900 0.23293 0.61400 murr
116.68259 -31.73937 0.42491 -0.05625 -1.24900 0.47766 0.45452 1.27800 murk
153.50268 -28.55440 -0.36683 -0.25782 -2.78400 0.91494 0.63192 1.98900 mulm
134.05857 -30.28197 0.33396 -0.04014 -0.73500 0.24497 0.24457 0.49600 mulg
173.41424 -42.06046 44.95571 12.27919 34.74500 6.76307 2.70929 4.89400 mul1
149.58468 -32.58999 0.20412 -0.05931 -1.32100 0.24161 0.23136 0.63900 mudg
153.46596 -27.03104 1.15524 1.07963 -1.20100 0.62446 0.51938 1.69800 mtn2
151.56030 -32.73698 0.90345 -0.31908 -1.13500 0.28348 0.27473 0.61100 mtld
139.48643 -20.69040 0.25327 -0.90230 -1.27700 0.24631 0.24102 0.50100 mtis
151.09911 -32.61543 1.33313 -0.67150 -0.37700 0.26977 0.25407 0.74400 mthr
131.49273 -22.13280 0.04023 0.13718 -0.69400 0.22521 0.22472 0.48200 mtdn
146.44879 -37.14513 0.19358 -0.71438 -1.25400 0.28514 0.29925 0.78200 mtbu
138.86042 -35.06342 0.11442 -0.15709 -0.08600 0.36868 0.34880 0.87400 mtb2
150.87442 -32.27995 -2.20785 -0.06493 -3.73400 0.93586 0.70471 2.23100 mswl
150.37340 -34.55053 0.38067 -0.04050 -1.14800 0.27788 0.26606 0.69800 msvl
150.37417 -34.54910 0.22610 -0.61016 -1.74300 0.41743 0.38993 0.88700 msv2
150.35526 -32.13975 0.23106 0.08602 -1.50900 0.25104 0.24674 0.56700 mrwa
167.87580 -21.54756 -1.11018 -0.49758 -1.12900 1.41096 1.40324 3.48400 mrtg
147.85034 -20.55604 -0.00457 0.13562 -0.61400 0.33274 0.31467 0.93900 mrt9
148.22709 -19.99976 -0.47205 -0.50398 -2.41600 0.32560 0.31687 0.88600 mrt8
147.28074 -20.05887 0.24266 -0.06708 -0.49400 0.45088 0.38526 1.20500 mrt7
147.84268 -19.92292 0.54318 -0.19916 -0.65800 0.34239 0.31089 0.87900 mrt6
145.99626 -18.68493 -0.01593 -0.15334 -1.44300 0.32139 0.30297 0.98900 mrt5
146.32838 -18.52768 1.70249 0.21626 -1.27600 0.31261 0.31047 0.89700 mrt4
146.51787 -19.33130 -0.61105 2.09472 -0.48600 0.70192 0.84204 1.16800 mrt3
147.47879 -19.45981 0.52358 0.08384 -1.35700 0.27965 0.27653 0.66600 mrt2
146.83355 -19.75705 0.19599 0.57577 -0.67900 0.30063 0.28677 0.83000 mrt1
149.90280 -28.80364 0.71852 0.57830 5.18000 0.97986 0.92569 3.90400 mrnw
145.06634 -38.22927 0.52027 -0.41423 -1.79000 0.24381 0.25734 0.62500 mrnt
141.54875 -37.71969 1.02357 -0.36074 -0.41700 0.33459 0.33660 0.71200 mrno
148.86339 -21.15988 -0.50892 0.49851 -4.71600 0.47291 0.47463 1.67700 mrni
173.74075 -41.57618 0.46974 3.48122 3.30000 0.65173 0.41987 1.03200 mrl2
173.74075 -41.57618 0.85474 3.74822 3.08400 0.65772 0.43481 0.94700 mrl1
149.82555 -29.45772 1.27724 -1.86438 -3.53800 0.25853 0.28621 0.69500 mree
145.32384 -17.01794 0.15550 0.56959 -0.86500 0.25169 0.25861 0.56100 mrba
144.03603 -35.09104 1.12970 -0.18222 -0.86600 0.27782 0.22611 0.52000 moul
145.40362 -16.43446 0.50805 -1.72179 1.76600 1.08455 1.09494 3.69400 moss
149.84788 -29.48102 2.56345 3.62597 12.13600 0.74611 0.68959 2.85800 mor8
142.13136 -37.40214 0.07762 -0.28520 -1.73900 0.25878 0.26957 0.81000 moor
139.76912 -29.90588 -1.21399 -0.10673 -1.19200 0.64738 0.61399 1.76000 mool
152.55697 -28.04563 -4.92517 6.03747 -1.16400 1.73650 2.08932 1.76000 moog
150.37152 -27.71622 -0.58844 0.05233 1.65200 0.56490 0.55107 1.86200 moo1
145.33315 -16.67673 -0.72991 0.43087 -2.56000 0.35563 0.32461 0.86200 moly
150.19199 -35.74738 0.50912 -0.32790 -1.71500 0.33048 0.30726 0.65100 mogo
148.06108 -23.90955 -0.52977 0.01887 -2.67600 0.35482 0.33566 1.31900 mnva
139.31267 -34.90387 0.51765 0.08315 0.92500 0.46155 0.43847 1.42500 mnum
151.12618 -24.87043 0.40529 5.58438 1.29100 0.31036 0.36312 0.87100 mnto
146.08647 -37.06548 0.63409 0.05462 -0.13400 0.29048 0.29573 0.82900 mnsf
151.55111 -33.17148 0.61104 0.36699 -2.39100 0.29775 0.29099 0.70200 mnpk
139.17060 -16.66781 -1.51198 -0.57732 -0.85600 0.72180 0.67411 2.34900 mni5
143.65172 -38.77978 0.24640 -0.64213 -1.40500 0.25167 0.23484 0.58200 mngo
115.71104 -32.52974 -0.18656 0.04469 -0.60900 0.38993 0.39935 0.89400 mndh
142.41793 -32.39281 0.53387 -0.10972 -0.69600 0.25535 0.25430 0.57200 mnde
115.71620 -32.52791 0.65002 -0.49845 -1.28400 0.56876 0.55992 1.58900 mnd2
137.57986 -35.57900 3.36129 -5.14284 0.40100 0.61513 2.07346 1.58900 mmar
150.15880 -26.81358 1.41027 -0.50566 -1.30200 0.36555 0.33165 0.74400 mlap
142.80842 -38.08156 0.54218 -0.41844 -2.38700 0.23584 0.24194 0.65000 mlak
216.43079 -16.62705 -85.36973 33.34679 -1.46300 0.39124 0.35690 0.94100 mktg
142.65766 -35.15597 2.03797 -0.64233 -1.08300 0.51849 0.33922 0.79200 mitt
145.85056 -17.14547 -0.41262 -0.59556 -4.22400 0.74115 0.75132 2.35400 mirc
151.55999 -24.32780 1.05853 0.06764 -0.94700 0.40552 0.45670 1.15400 mir4
148.86339 -21.15989 0.82508 1.10651 -2.31100 0.32767 0.29782 0.90000 mir3
147.37323 -36.53221 0.06683 -0.35896 -1.88800 0.46787 0.52721 1.68000 mimi
142.06189 -34.34029 1.37479 -1.14081 -0.08600 1.53748 1.39254 5.33500 mild
116.00546 -31.88651 0.03995 -0.08366 -1.68200 0.47231 0.32779 0.80000 midl
148.71174 -20.64437 0.62744 0.51210 -1.45900 0.28846 0.25581 0.81900 midg
149.14745 -35.71878 -0.49912 -0.33492 -0.25300 0.47380 0.34599 0.98800 mic3
145.91202 -32.92025 0.33916 -0.39350 -1.72200 0.30198 0.29856 0.67300 mhop
150.83099 -33.62651 -0.01570 -0.14365 -1.19600 0.22539 0.24016 0.56800 mgrv
141.80663 -34.27235 -0.66342 -0.15727 -1.16000 0.23934 0.32135 0.84200 meno
150.74376 -34.12609 -0.04088 -2.51164 -1.53000 0.22394 0.21987 0.56400 mena
114.60955 -26.75739 -0.28271 -0.08993 -0.44700 0.24756 0.23203 0.52300 medo
130.74108 -12.44715 -2.09066 -0.35106 0.73100 1.16668 1.04341 4.89700 mdrh
115.72923 -32.53530 0.44242 -0.18252 -3.50400 0.33720 0.35171 0.94500 mdah
140.35571 -37.60233 0.89371 -1.01141 -0.13300 0.57446 0.89403 1.93800 mcnt
138.65145 -35.52192 0.27264 -0.79738 -0.93600 0.40029 0.39233 0.98400 mckn
153.09321 -26.66677 0.26751 -0.24137 0.49200 0.59449 0.55524 1.59400 mchy
152.70640 -25.53440 -0.17871 0.09536 -1.01500 0.35922 0.36162 0.86400 mbh4
153.42753 -27.97063 0.27251 -0.36083 -1.29100 0.41551 0.37622 1.01800 mbch
151.18838 -33.92540 -0.15039 -0.19686 0.13500 0.48692 0.51435 1.32900 mas4
143.75983 -37.00541 0.29486 -0.17092 -1.57300 0.24301 0.24852 0.67100 mary
116.44938 -32.96577 2.87088 -0.69050 -1.27700 0.95797 1.19720 6.22800 mar9
141.06191 -35.04864 -1.70057 2.53858 -4.28800 0.27427 0.40597 0.84700 many
151.46216 -33.11834 -0.96489 0.89655 -8.04800 0.34845 0.32638 1.21000 mand
150.70513 -23.72642 -2.04031 -0.38975 -2.48200 0.92016 0.43187 0.94600 mamr
145.81583 -17.62414 -0.13862 -2.38902 -1.76300 0.54040 0.57965 2.32000 mam3
149.18921 -35.30103 4.69838 -1.36805 53.74900 0.95788 0.56769 2.11200 maj1
134.09288 -14.04620 -0.32665 0.31091 0.73900 0.25146 0.24528 0.73100 main
146.98530 -37.97218 1.41779 -0.29622 -2.45700 0.36853 0.28483 0.83800 maff
152.91838 -30.71043 0.32558 -0.04369 -0.74500 0.24657 0.22991 0.62100 mack
144.45698 -15.57750 0.32340 0.15197 -1.12100 0.25434 0.24613 0.57600 lura
140.36951 -36.97473 -0.65446 -0.23644 0.08900 0.56365 0.51696 1.35400 lucn
140.26854 -37.03867 0.06295 0.15274 -1.92000 0.48524 0.46602 1.49600 luc2
149.01213 -22.29806 -0.95145 -4.99909 7.12000 1.70167 1.45456 1.49100 ltsp
153.27580 -28.81007 0.23490 0.23703 -2.34500 0.57471 0.61579 1.89900 lsmr
143.96846 -38.54086 2.14812 -4.03172 -2.35600 0.90504 0.76503 2.18600 lrne
145.11683 -30.53350 0.42013 1.18658 -1.53500 0.29152 0.29062 0.61100 loth
121.33728 -28.90624 0.04310 0.26065 -3.46300 0.66358 0.66605 2.45500 lora
131.26587 -12.57305 -2.80873 -0.14678 -4.23400 0.75256 0.62979 2.58000 loon
121.31906 -28.87843 -0.02784 -0.08767 -0.66000 0.21925 0.21196 0.55600 lona
144.27421 -23.43794 0.08790 0.10782 0.98000 0.45841 0.46579 1.31700 lon4
138.88075 -34.89080 -0.61958 1.30909 -2.96400 4.98714 3.19727 6.96800 loby
144.27422 -23.43794 -0.45210 -0.68718 -1.14300 0.50647 0.46654 1.15300 lngr
146.70582 -35.22725 0.35644 -0.61640 -1.07700 0.22814 0.22881 0.53100 lkht
150.04128 -33.32495 -5.17855 -0.71393 -24.59800 0.51069 0.64491 1.54600 lit1
147.98290 -29.42973 -0.13013 -1.07565 -0.73500 0.25272 0.25845 0.56500 liri
141.01122 -34.10538 -0.22629 -0.48627 -0.83800 0.22471 0.22397 0.73200 lipo
147.21475 -41.25161 -0.03605 -0.48608 -1.05200 0.28165 0.28606 0.62600 lily
146.67308 -41.90226 0.15267 -0.51952 -1.42700 0.21137 0.21171 0.46300 liaw
145.94341 -38.47669 0.14717 -1.39449 -1.47100 0.66643 0.53801 1.62200 lgth
150.15984 -33.48094 0.38193 0.14122 -1.45300 0.22588 0.22981 0.59700 lgow
144.09306 -37.91100 -0.12472 -0.12721 -1.95900 0.43091 0.42412 0.91900 let1
147.97190 -37.88413 -0.20563 -0.42204 -3.07500 0.48881 0.53508 1.74400 lent
114.10311 -22.21854 -0.49491 0.09774 -1.33500 0.23729 0.23307 0.52300 lear
146.62230 -37.62820 0.55924 -0.91168 -1.80300 0.39610 0.40246 1.59700 lcla
146.62230 -37.62820 -0.52676 -1.14168 -3.52700 0.68833 0.64404 2.77600 lcl2
153.02587 -27.49586 2.42995 0.41650 0.41800 0.61645 0.47144 1.69400 lbri
122.42018 -28.61231 0.46883 -0.57560 11.42800 0.76540 0.74337 7.74000 lav3
115.34658 -31.04645 -0.20800 0.63450 -2.39900 0.51513 0.45040 0.99900 lan9
134.06293 -26.93861 -0.30841 -0.05405 -0.43300 0.28160 0.28045 0.58600 lamb
143.37533 -35.67345 -3.17748 7.23366 -0.04600 0.90888 1.01373 0.85900 lalb
147.97192 -37.88413 -0.39562 -0.07003 -2.42800 0.50945 0.55514 1.29700 laks
150.66561 -33.55426 0.10219 -0.35874 -2.31400 0.36720 0.34018 0.93200 kurj
145.00986 -32.32619 0.46889 -0.31409 -0.99300 0.26466 0.26179 0.56700 kulw
118.08396 -33.19035 0.04440 0.53020 -2.93900 0.39679 0.36991 1.46000 kuk8
142.21446 -10.23608 -5.87192 4.51532 -0.26200 1.44992 0.97367 2.67100 kubn
138.62317 -34.92599 0.14053 -0.93403 -0.88700 0.56324 0.63041 2.00100 ktwn
144.45322 -37.24749 0.04072 -0.41720 -1.71900 0.28928 0.27345 0.80500 kton
150.31819 -33.69579 0.42143 -0.33660 -1.66700 0.30438 0.28027 0.68100 ktmb
116.84414 -20.73456 -0.39683 -0.03365 -0.13500 0.32947 0.32843 0.84500 ktha
143.92231 -35.73539 0.85846 -0.25323 -0.10100 0.26973 0.23432 0.64700 krng
141.74819 -15.48214 0.67256 0.37375 -4.03200 2.48567 1.17613 4.68700 kown
149.24326 -21.60647 0.90145 0.22925 -2.23100 0.30793 0.44294 1.01600 koum
117.15867 -33.83172 -0.75665 -1.42385 0.22300 0.52370 0.49730 1.22900 kojo
150.14050 -22.79911 0.26222 0.66292 -4.50300 0.52016 0.34442 0.79400 knwr
145.25442 -37.87445 0.29526 -1.03990 -0.76100 0.66155 0.61184 1.57000 knox
124.86346 -30.89957 -0.02969 -0.69947 -8.52100 0.99175 0.88750 2.88000 kndh
151.39194 -33.48123 0.07549 -0.19866 -1.63100 0.32181 0.30566 0.67000 kncb
149.46526 -23.12197 -10.85629 -2.41306 -19.32300 2.37346 1.64548 3.07300 kmra
130.95554 -16.11772 0.51415 0.41539 -1.92500 0.31175 0.29666 0.86200 kma1
150.79172 -33.51189 0.77699 -0.48256 -0.35000 0.35797 0.34785 1.16400 kjng
139.86421 -36.82986 0.28695 -0.49411 -1.12400 0.51854 0.46149 0.97000 kist
151.07306 -34.04335 0.04774 -0.06287 -0.65600 0.27821 0.26342 0.68700 kirr
151.83972 -26.54016 0.55277 0.81749 -0.25300 0.32484 0.32221 1.01200 kin2
144.95144 -37.29219 0.61977 -0.41641 -1.03300 0.31080 0.34013 0.97300 kilm
152.25207 -26.08422 0.35584 0.17645 -1.15800 0.25821 0.25592 0.55000 kilk
143.84707 -39.94185 0.37553 -0.29338 -1.26700 0.25451 0.25228 0.50300 kgis
144.84787 -37.72106 0.74206 0.06664 -0.54700 0.26126 0.27546 0.83000 kepk
137.72132 -33.96798 0.12848 -0.23704 -0.71800 0.47722 0.42293 1.09600 kdna
115.09857 -34.16344 -0.62572 -0.22897 -3.21900 0.25123 0.24163 0.93900 kdal
140.83551 -17.48702 -0.00632 -1.11581 -1.08900 0.66105 0.59035 1.43400 karu
137.12848 -35.83511 -0.42503 -0.65136 -1.74200 0.40126 0.53088 1.03200 kang
152.99510 -27.23509 -0.04627 0.57120 -4.58700 0.84007 1.06966 2.89200 kal5
115.74994 -31.73241 -0.16566 -0.13720 0.48300 0.31056 0.32078 0.80200 joon
151.49507 -27.42561 -0.44282 2.67152 7.78300 0.32151 0.34721 1.37500 jon4
138.63930 -33.00062 1.52576 0.55442 -1.66400 1.22352 0.98181 2.46600 jmtn
141.73900 -20.66927 0.20910 0.31996 -0.95400 0.25808 0.24428 0.53700 jlck
136.10067 -22.86052 0.13922 0.18970 -0.99700 0.23211 0.22998 0.47600 jerv
145.72547 -35.35532 0.13740 -1.79264 -1.06100 0.24183 0.27683 0.57900 jeri
152.65820 -27.65136 0.40983 2.96575 -5.15400 0.32573 0.31144 0.98800 jeeb
144.30888 -32.88343 0.73254 -0.79084 0.20600 0.35198 0.32440 0.66200 ivh2
142.19122 -34.21971 2.54018 -0.06939 -2.51900 0.28461 0.25999 0.59700 irym
152.75542 -27.61468 1.37520 0.06328 -1.00100 0.45197 0.39844 0.88300 ipsr
152.75935 -27.61492 0.33912 0.24601 0.64300 0.75717 0.63110 1.46500 ips3
151.11440 -29.77642 0.35204 -0.42605 -0.82100 0.25348 0.23933 0.68600 invl
146.02917 -17.52703 0.39408 0.57471 -0.38900 0.36806 0.37046 1.04300 insf
147.52645 -19.78690 1.21188 -1.58593 -5.72300 2.11963 2.53835 3.63600 inkr
148.56555 -25.84319 -0.39932 0.73928 5.36900 0.30406 0.55824 1.06800 injn
146.15532 -18.66999 0.29115 -0.83295 -1.48900 0.64058 0.56248 1.69700 ingh
127.51640 -28.34996 -0.74043 -0.42472 17.90200 0.79464 0.70418 4.85600 ilka
151.07053 -28.41154 -0.03547 -0.27550 -1.91300 0.65039 0.56224 1.98600 igwd
166.56581 -20.57477 -0.21995 -1.21911 -3.15300 0.93556 0.88405 2.25100 iaai
131.08243 -12.50991 -0.09579 -0.29306 -0.24400 0.93907 0.98546 3.64800 hwsp
141.63189 -38.13507 -0.56327 -0.61721 -0.92500 0.47125 0.45929 1.08200 hwod
152.80046 -25.29803 0.50677 -0.53417 -2.49200 0.70940 0.76303 2.66400 hvyb
144.20447 -20.94743 -0.12409 -0.05665 0.25900 0.23964 0.24346 0.48400 hugh
142.17487 -36.72201 1.76334 -0.30210 -7.38800 0.90749 0.89049 3.44900 hshm
146.51786 -19.33130 0.52895 -1.73529 -0.45100 0.64700 0.61085 1.86200 hrvy
142.17487 -36.72275 0.39278 -0.35512 -1.95800 0.24928 0.25861 0.74600 hrsm
138.48577 -33.99793 -0.41296 -0.32676 -0.64200 0.50104 0.41974 1.32300 hoyl
147.14185 -36.98206 0.41965 -0.78504 -1.39700 0.28014 0.27631 0.96700 hoth
150.60909 -26.97958 -0.84322 -0.60034 0.86300 0.76379 0.74154 2.02400 hope
148.96722 -21.35602 2.30023 0.65483 -1.96400 0.51338 0.45988 1.70900 hogn
147.32812 -42.88496 -0.06113 -1.05768 -2.40800 0.69685 0.61720 1.93600 hoba
151.09765 -33.70031 0.57475 -0.36525 -1.62700 0.26094 0.23921 0.63600 hnsb
148.95553 -20.35063 1.10235 0.77797 -0.29600 0.42212 0.36199 1.08400 hmti
142.02475 -37.74519 -3.33512 2.48096 -5.95600 1.38263 1.04182 2.30100 hmlt
165.62729 -21.27686 0.37671 -1.17437 -3.07100 0.67799 0.56091 2.16400 hlob
147.31740 -35.72437 0.37962 -0.13297 -2.77100 0.26600 0.26917 0.72800 hlbk
147.31747 -35.71122 -0.18503 -0.11570 -2.13100 0.47903 0.45615 1.10400 hlb2
145.53135 -33.48491 0.81382 -0.06087 -1.69400 0.24005 0.23904 0.55800 hill
164.94306 -20.68883 -0.83552 0.00753 -1.13400 0.40452 0.44280 1.06400 hghn
144.70297 -36.92450 -0.36470 0.04297 -2.47900 0.62887 0.58822 1.68700 heth
115.77422 -32.15363 -0.14639 0.09805 -3.92300 0.62179 0.67631 1.58400 hen2
146.36531 -19.01463 0.45545 0.85301 -1.43600 0.50485 0.50538 2.10400 hcmp
145.06182 -37.75233 -0.27000 -0.90133 -2.27800 0.59531 0.52268 1.32600 hbrg
150.93930 -34.14037 0.51666 -0.27683 -1.54600 0.32584 0.30966 0.82700 hbg2
150.98558 -34.18791 2.91454 -0.38069 52.32800 1.03279 0.56521 4.24000 hbg1
144.85246 -34.50553 0.05750 -0.61501 -2.36200 0.25701 0.25361 0.68500 hay1
142.33953 -34.75569 0.45566 -0.30774 -1.85900 0.22169 0.21871 0.64800 hatt
142.06563 -37.82071 -0.34711 0.51693 -5.41500 0.39522 0.33909 1.30800 hamo
142.02468 -37.74514 1.47281 0.18794 -5.25200 0.86366 0.85465 2.19200 hami
152.67207 -26.18736 1.21618 0.14146 -2.75400 0.89706 0.79493 2.04600 gym3
152.66005 -26.18851 0.56181 -0.26786 -0.99700 0.32306 0.39289 1.21100 gym2
150.30313 -28.54654 1.44784 0.57072 -4.45500 0.41922 0.46858 1.93500 gwi4
148.97122 -30.60564 0.82598 0.36656 -1.37100 0.29721 0.30801 0.69100 gwab
148.01090 -21.97463 1.17623 0.81089 -0.98400 0.46906 0.57340 1.49800 gvnr
149.79554 -29.73479 5.31333 -0.94302 -4.35200 0.38116 0.28778 0.61700 gurl
170.38925 -43.39208 -5.20266 -15.66112 -6.95100 0.49125 0.43563 1.20600 gunr
150.25628 -30.97816 0.26412 0.57136 -1.10900 0.23650 0.22922 0.54200 gunn
145.46226 -18.15399 0.35747 -0.19330 -48.00000 1.36406 1.37666 16.94600 gshn
151.32859 -33.42046 4.55152 -0.76702 58.06000 0.92587 0.56592 1.96200 gsfd
144.56775 -37.47953 -0.17712 0.12058 0.61700 0.41714 0.37036 1.19600 gsbn
149.30472 -21.35740 1.48648 0.47847 -1.01600 0.33770 0.30146 1.04300 grst
121.64516 -33.17733 1.04456 2.54930 -1.21800 0.75337 1.18361 2.04600 grsp
136.42142 -13.85674 0.04495 -0.19279 -0.60900 0.33451 0.32759 0.94100 gro3
144.99159 -19.00314 8.15080 2.03497 -4.01100 1.01831 1.15173 2.75700 grnv
116.06116 -33.86279 0.27792 -0.29207 -0.61200 0.37873 0.38554 0.89900 grn1
148.43192 -20.23336 -0.24340 -1.22904 -0.99500 0.64304 0.60215 1.93700 grgy
118.29874 -34.54248 0.58292 1.46875 -0.94200 0.34352 0.35211 1.10300 gra0
137.16894 -32.99302 -1.02969 0.80597 -0.34100 1.60938 1.54755 6.43700 gph1
136.77708 -12.18163 -1.52123 1.24400 -1.47900 4.52646 3.36838 11.19300 gov1
151.28355 -33.42175 1.18020 0.11616 -1.13400 0.47187 0.49032 1.24400 gosf
166.90501 -22.31499 0.75763 -0.79125 -3.22400 0.55624 0.41971 1.56800 goro
141.47277 -36.71819 0.08163 -1.08837 -1.48400 0.24411 0.28595 0.47300 gor4
116.85301 -31.39668 -0.41547 -0.52953 -0.97900 0.34763 0.36517 1.22900 goom
145.70695 -33.98447 0.51855 -0.43205 -1.40400 0.27222 0.27470 0.58700 gool
150.89885 -34.42721 0.32419 0.05413 -1.62500 0.22839 0.22974 0.57300 gong
149.58949 -37.47689 0.95745 -0.20642 -2.49400 0.29109 0.34469 1.08400 gnoa
149.13054 -35.18496 0.45242 -0.02317 -1.46700 0.26308 0.26363 0.57100 gngn
115.35676 -29.04485 0.06231 -0.18046 -4.88900 0.68254 0.71677 2.18000 gmgn
144.35601 -38.14791 0.38988 -0.08753 -2.41600 0.34180 0.38598 1.10200 glng
147.27480 -42.83384 0.09993 -0.98616 -2.77700 0.50455 0.45065 1.30200 glnc
151.75167 -29.74354 0.45147 0.05907 -1.34800 0.22991 0.21473 0.50000 glin
142.66188 -36.90896 0.13906 -0.26114 -1.50000 0.25743 0.26764 0.85600 glen
147.40275 -38.20886 0.18218 -0.78537 -2.52200 0.23894 0.24414 0.53600 gld1
149.71772 -34.75568 0.39662 0.23111 -1.71300 0.20943 0.20579 0.52900 glbn
149.71115 -34.74641 0.47453 -0.95228 -2.68800 0.29063 0.29575 0.65500 glb2
147.07877 -19.53195 0.46705 -0.88785 -3.49300 0.70168 0.64813 2.34000 giru
148.66247 -31.71098 0.18315 0.19511 -2.04500 0.23455 0.22487 0.53000 gilg
137.76554 -35.02181 -0.92439 -0.13105 -1.77500 0.92673 0.68241 1.79400 gies
143.54064 -18.30596 0.11108 0.42921 -1.30300 0.25421 0.25066 0.49300 ggtn
143.54061 -18.30586 -2.05598 -0.81480 -8.31300 0.93061 0.84614 4.67500 ggt1
152.93291 -29.69303 0.50135 -0.02206 -0.84400 0.22609 0.22028 0.55200 gftn
146.03679 -34.28630 0.38606 -0.16799 -1.54900 0.21550 0.21777 0.52800 gfth
148.16073 -33.89302 -0.30182 0.02166 -1.02600 0.22679 0.22986 0.51200 gfel
150.82768 -34.74627 0.33939 -0.44909 -1.68300 0.29990 0.30201 0.72200 gerr
114.60807 -28.77961 -0.84583 -0.22548 -1.45700 0.36785 0.36041 1.03200 gero
143.53902 -38.53146 -0.02200 -1.15113 -1.63700 0.47745 0.46474 1.25100 geli
148.26478 -37.21859 -0.07168 -0.27785 -4.10100 0.26340 0.26876 0.83000 gela
144.36174 -38.15944 0.41378 -1.06805 -0.49900 0.35889 0.34652 1.17000 gees
144.35600 -38.14793 -0.05212 0.12747 -4.89400 0.88147 1.19064 2.60000 geel
173.61079 -41.93230 68.45967 5.89816 36.38900 10.38005 2.77029 6.59400 gds1
145.78090 -17.09679 0.46125 0.80051 -0.72700 0.54792 0.42735 1.52700 gdnv
135.77394 -31.06507 -0.68327 -0.32773 -1.21500 0.62770 0.58666 1.94600 gdam
149.01044 -35.31596 -0.50085 2.53682 -1.79200 0.51443 1.61237 1.48600 gca2
138.69958 -34.68680 -1.93963 -3.01185 -62.98300 0.76590 0.90796 2.42400 gawl
151.37771 -23.87768 1.53271 -1.62596 -0.28700 0.61468 0.57636 1.40700 gatc
115.33862 -24.63262 -0.31947 -0.13160 -0.42000 0.25873 0.25140 0.58500 gasc
151.22525 -33.85505 0.36807 -0.12821 -1.61600 0.24298 0.24593 0.51600 ftdn
151.22551 -33.85508 3.19323 -1.50411 -7.23500 5.31315 0.85665 6.07100 ftd2
146.19978 -38.65064 -1.17482 -0.45725 -0.96600 0.80320 0.73170 2.06900 fstr
125.80045 -18.12595 -0.49926 0.86052 -0.19400 0.25996 0.28704 0.68400 froy
148.08532 -33.32596 -0.88078 -0.59318 -0.28000 0.70977 0.65657 1.95300 frb2
152.52240 -32.20111 0.14109 0.17337 -1.54900 0.25471 0.25085 0.55800 fors
148.00697 -33.38526 0.23020 -0.04759 -1.78900 0.24386 0.24803 0.54400 forb
139.99670 -20.80019 -1.21107 -0.89104 -0.90300 0.51723 0.47769 1.60300 fnts
141.72814 -31.10467 0.33617 -0.23491 -0.45400 0.28725 0.27483 0.64000 flgp
153.17561 -27.38473 0.46541 0.69947 -1.38300 0.44806 0.43916 1.11200 fis1
178.45331 -18.11524 -30.71551 -6.87351 2.74400 2.88199 1.85320 8.08000 fiji
153.55881 -28.17172 1.76550 0.42735 0.27600 1.55156 0.72693 2.02400 fghd
152.78955 -26.38553 0.12648 -0.66491 0.51700 0.57656 0.52484 1.71000 fdrn
114.11338 -21.96067 -0.29716 0.00507 -0.81400 0.25135 0.23391 0.49400 exmt
145.63631 -19.39071 0.86706 -0.49238 -4.68100 1.08022 0.81484 2.68300 ewan
145.57285 -36.75317 0.28026 -0.17292 -1.45100 0.30509 0.32685 0.96500 eura
148.49388 -21.13103 1.24513 0.74198 -1.16800 0.38718 0.28892 0.90200 eung
147.23978 -36.46175 -0.39761 -1.37008 -1.97700 0.72720 0.54509 1.63300 esdl
143.26230 -26.71220 0.28826 0.05387 -0.92800 0.25113 0.26539 0.51700 ermg
144.31461 -36.71808 0.41880 -0.21518 -1.87900 0.28947 0.32129 0.75500 epsm
140.71729 -20.44466 -0.70573 -6.92413 5.55100 0.42046 0.43503 1.01300 enhm
144.28578 -31.66633 0.34732 -0.30102 -0.88500 0.30721 0.29849 0.64100 emmd
144.97367 -37.80861 0.98624 -0.95157 -3.00200 0.66238 0.71203 2.14400 eml2
144.97367 -37.80861 -0.78976 0.51143 -1.87300 0.50680 0.71103 1.82600 emel
145.93597 -38.24345 1.00732 -0.18731 -5.68600 0.81361 0.90478 2.96800 elli
115.98648 -31.79084 0.05485 -0.29103 -0.89300 0.51883 0.51727 1.36600 elbn
151.11979 -25.37580 0.50133 -0.24043 -1.36200 0.26116 0.25534 0.52600 edsv
151.11985 -25.37586 -0.31860 -0.71440 -2.59000 0.77650 0.76572 1.81000 eds1
149.90932 -37.07174 0.43573 -0.38454 -1.38500 0.25886 0.26606 0.57100 ede1
150.91083 -34.37561 0.48748 0.01101 -0.70400 0.30133 0.30148 0.81200 ecor
144.75359 -36.14031 0.56851 0.07226 -1.08600 0.22480 0.22965 0.57200 echu
145.93604 -38.24351 0.34340 -0.67229 -1.15800 0.26014 0.26617 0.73600 ebnk
148.50010 -22.59851 9.72901 2.16962 -5.49900 9.46312 4.82716 4.20000 dyst
150.02745 -24.55957 1.77384 -6.40435 -14.49000 0.96405 0.75101 1.41200 dwsn
151.28700 -33.75126 0.46239 -0.26054 -0.97800 0.28237 0.28151 0.58400 dwhy
116.06255 -32.71354 -0.02504 -0.07971 -2.04600 0.27571 0.37907 0.80400 dwel
149.38818 -32.01185 0.67477 0.60729 -1.47400 0.26877 0.25564 0.53500 dun2
149.81346 -23.68715 2.55714 0.64196 -5.65100 0.70350 0.44875 1.15100 duar
150.00537 -26.72803 1.40792 -1.74118 2.23200 1.66654 1.10862 2.68200 dril
147.25149 -37.45913 0.07073 -0.65039 0.93800 0.40922 0.44247 1.51300 drgo
146.34962 -41.17860 -0.02671 -0.33563 -1.57200 0.26073 0.26616 0.50200 dprt
116.96952 -31.26717 -0.47869 0.01850 -1.69700 0.52729 0.46969 1.07500 dowe
152.71304 -30.35037 0.20938 0.02880 -2.24100 0.25474 0.24503 0.65100 dorr
145.06443 -37.68085 0.18581 -1.56813 -5.30100 0.32802 0.34188 0.87100 dora
145.10975 -17.14692 0.16104 -0.11611 -1.82300 0.31081 0.29057 0.74400 dmbl
144.96463 -35.53161 1.48951 -0.03879 -1.01200 0.29677 0.36291 0.70400 dlqn
149.13573 -35.25074 -0.31063 -0.37045 -0.58400 0.25177 0.25376 0.61900 dksn
150.27088 -23.94375 6.37044 -3.97665 -2.35600 1.15791 1.92341 1.94900 dixl
148.23581 -28.58045 0.81130 -2.03338 -9.24500 0.92974 0.93568 3.24400 dira
145.11451 -37.97906 -1.14558 -0.75745 -1.72800 0.48311 0.47773 1.06100 din1
138.82218 -17.94010 -2.32131 -0.74031 -4.96900 1.02338 1.73544 5.11100 dgee
144.13185 -37.34099 -0.17302 -0.35684 -1.74300 0.64916 0.54469 1.30100 dfrd
147.78127 -41.11602 -0.37058 -0.23936 -0.73200 0.47021 0.46328 1.06800 derb
146.71611 -41.52150 -0.25191 1.16985 -3.84400 0.63683 0.75498 2.05600 delo
153.04833 -27.32839 1.05986 -3.95662 1.22600 0.65238 1.01370 1.49000 deag
148.60213 -32.24936 0.09040 0.04995 -0.76500 0.22041 0.22104 0.53300 dbbo
130.88173 -12.35592 -0.68571 -1.13579 -2.17700 1.22361 0.96153 2.69600 darh
148.70232 -33.83123 0.48458 -0.17284 -1.66900 0.22158 0.22261 0.61400 cwra
151.17156 -33.59369 0.29681 0.06639 -1.33800 0.22243 0.22333 0.60400 cwn2
115.89475 -32.00394 -0.34743 -0.49278 -1.82000 0.28905 0.27004 0.55200 cutc
115.89476 -32.00388 -0.41644 -0.55778 -1.73600 0.25652 0.24223 0.49400 cutb
115.89480 -32.00396 -0.48840 -0.59579 -1.74000 0.23924 0.22947 0.44900 cuta
115.89480 -32.00389 -0.57741 -0.60879 -1.69800 0.24175 0.24292 0.47200 cut3
115.89480 -32.00389 -0.41541 -0.51779 -1.94100 0.22397 0.22341 0.40200 cut2
115.89480 -32.00389 -1.03641 -0.46079 -2.20200 0.28415 0.28935 0.60000 cut1
117.34451 -31.72852 4.88531 1.80443 -3.08700 1.31531 0.49661 1.06600 cund
147.27582 -22.19381 0.50846 2.51644 2.23000 0.29703 0.31325 0.95800 cudg
115.89475 -32.00394 -1.72043 0.19322 -3.10300 0.87006 0.85022 2.57100 cucs
115.89475 -32.00394 -0.73943 -0.68378 -1.92900 0.33423 0.30992 0.64300 cuc2
115.89476 -32.00389 -0.54444 -1.74478 -0.90200 0.70353 0.75402 1.56300 cubs
115.89476 -32.00388 -0.23044 -0.62178 -1.40900 0.32452 0.30809 0.64100 cubj
115.89476 -32.00389 -0.64044 -0.64878 -1.36100 0.27086 0.26408 0.58100 cubb
115.89480 -32.00396 -0.87340 -0.81279 -1.46100 0.28591 0.28867 0.57200 cuai
115.89480 -32.00396 -0.70140 -0.70979 -1.53400 0.26071 0.25883 0.52900 cuaa
146.24980 -20.08737 -2.28890 -0.35916 -4.75200 0.89941 0.68856 2.34400 ctwr
146.25773 -20.07287 0.30016 1.28667 -1.38400 0.47423 0.43746 1.07600 ctrc
148.02565 -34.63929 0.26851 0.04078 -1.33500 0.24142 0.23660 0.50100 ctmd
141.39546 -37.59871 -0.21241 -0.03894 0.62900 0.64899 0.60761 1.65300 cstr
153.04758 -28.86556 0.34182 -0.02038 -0.75600 0.21854 0.21864 0.52400 csno
138.20826 -33.35377 1.02603 1.46231 -2.52400 1.16855 0.98884 3.21400 cryb
152.91101 -26.41612 0.99065 1.83947 -0.52200 0.37451 0.39288 0.93400 cry4
143.63975 -38.02818 -2.09210 1.35914 -1.47600 1.02888 0.62726 0.77600 crsy
145.29993 -37.81423 0.32775 -0.37651 -1.70700 0.44225 0.46374 1.04100 croy
144.82306 -37.84167 -2.06640 -2.23826 -1.51500 2.03945 2.02636 6.35300 crkt
144.90686 -37.82517 0.60426 -1.16937 -1.72300 0.44156 0.54535 1.13100 crkm
150.76757 -34.32480 0.16055 -0.11466 -1.10500 0.24034 0.22494 0.55000 crdx
150.27462 -25.29154 -0.41864 -0.14354 -1.06900 0.33170 0.37994 0.81800 crcw
145.28693 -38.10798 -0.33174 -0.80731 -1.87300 0.36654 0.34611 0.96000 cran
148.67543 -33.84025 -0.12327 0.68498 4.58200 0.43984 0.43937 2.01200 cowr
149.75675 -37.55584 0.55856 -2.32587 -1.07800 1.36567 1.05055 1.41000 cota
147.90290 -36.19389 0.33461 -0.13790 -2.12300 0.31109 0.31826 0.73300 cory
152.91100 -26.41614 1.84867 0.46547 -0.17500 1.01992 0.53140 1.87200 cor0
152.77352 -29.58087 0.60720 -0.32283 -2.09600 0.26355 0.24250 0.57700 cops
149.50283 -25.01021 2.68274 0.83399 -0.85900 0.39965 0.35874 1.02100 coor
145.68034 -26.74210 0.36228 0.03090 -0.69700 0.24005 0.23827 0.50000 coo3
149.12723 -36.23537 0.16649 -0.02357 -1.09300 0.21902 0.21037 0.50100 com2
116.30050 -33.28971 -0.40570 -0.39348 -0.07600 0.32200 0.28262 0.86900 col7
153.13833 -30.30011 0.34804 0.03989 -1.00500 0.23062 0.23023 0.55900 coff
143.17671 -13.95876 0.20723 0.23244 -1.37900 0.30386 0.32262 1.08700 coen
145.64540 -35.91220 -0.98384 -5.06376 -2.84300 1.33963 1.76638 1.94600 cobr
146.78081 -30.80706 0.47103 -0.26945 -0.91900 0.27593 0.27488 0.60400 cobh
144.97355 -37.73948 0.37893 0.34073 -2.07600 0.41442 0.39309 1.37300 cobg
149.03277 -35.20638 0.34517 -0.21965 -1.63900 0.28909 0.29917 0.69100 cnwd
113.67026 -24.88355 -1.17959 -0.40354 -0.67600 0.62974 0.61344 1.38900 cnvn
148.67200 -20.28905 -1.28643 -0.60172 -4.35200 1.36696 1.13880 4.03500 cnvl
147.15101 -33.08515 0.19843 -0.27749 -1.00600 0.21450 0.21767 0.52600 cndo
147.68814 -30.46531 -0.06447 0.39780 -1.39000 0.25710 0.25298 0.52800 cnd1
149.26958 -31.33331 0.52531 -0.07601 -1.41300 0.24022 0.24289 0.56700 cnbn
135.72926 -34.26351 -0.21812 -0.23601 -0.33400 0.36770 0.36963 0.96400 cmns
150.69152 -34.04627 0.66856 -0.49741 -2.05200 0.36309 0.35594 0.89300 cmdn
145.12900 -37.91400 0.30861 -0.37469 -2.74200 0.32529 0.31776 0.95000 clyt
136.48490 -33.70129 -1.17729 1.39152 -2.37000 2.69023 3.12829 5.63200 clve
146.10673 -17.85017 -0.01804 -0.42707 -1.19900 0.35893 0.34944 0.93700 clum
172.75328 -43.56566 -37.84909 -8.49369 -3.23500 1.68834 1.72450 7.25500 cls6
172.75225 -43.56532 -34.88696 -14.33845 -3.94500 0.73378 1.42661 2.64500 cls5
172.75696 -43.57149 -19.99341 -11.47108 -16.17600 3.53416 0.91695 3.71500 cls3
138.59978 -33.81811 -0.59530 -0.52162 -0.87500 0.42256 0.38020 0.62100 clr1
140.50896 -20.70746 -0.43469 -0.39783 -2.23100 0.61696 0.56150 1.38300 clon
145.88024 -34.80697 0.87575 -0.23251 -1.01300 0.22325 0.23097 0.62600 clmb
144.79821 -36.59185 0.46635 -0.42178 -1.73500 0.26112 0.26108 0.68500 clbn
148.58551 -29.54255 2.13259 -1.36115 -0.99000 0.28737 0.28276 0.76200 clbi
149.71494 -31.83044 0.72400 -0.58880 0.11600 0.29699 0.29234 0.63000 clah
143.58514 -38.34236 0.26227 -0.57045 -1.28300 0.22294 0.24702 0.70500 clac
149.47252 -34.45606 0.33821 -0.29838 -0.85500 0.23491 0.21809 0.44600 ckwl
145.24982 -15.45953 -1.81394 -2.00624 -1.00400 0.54237 0.49622 1.48900 cktn
149.12080 -35.41824 -0.33258 -0.60531 -1.49800 0.47503 0.45705 1.38100 chsm
151.20122 -33.88688 -0.18457 0.47219 -1.55400 0.50413 0.50015 1.18300 chip
152.29077 -25.23928 -0.74579 -1.42588 -4.55200 0.78726 1.06273 3.72300 chid
149.98228 -32.89383 6.33367 0.72273 58.89400 1.76746 0.98760 4.20900 chb1
151.35657 -32.83525 0.39790 -0.28245 -0.75300 0.28788 0.27865 0.63500 ces2
146.02214 -18.26713 0.82507 0.21969 -2.01100 0.32303 0.30454 0.91300 cdwl
116.00341 -32.24201 -0.91940 -0.93152 -2.46800 0.47229 0.48833 1.38500 cdup
151.19978 -27.53466 -0.39723 0.21410 2.65500 0.71723 0.59979 1.73100 ccpl
147.62271 -22.72640 3.77664 3.16060 3.04700 0.31051 0.34474 0.79900 ccmb
150.82014 -34.06328 3.76208 -0.55725 -4.30900 0.82998 0.52808 0.89700 cbtn
145.64416 -35.91200 0.46230 -0.14315 -2.83600 0.23764 0.24191 0.61400 cbr2
152.95152 -27.08443 0.29349 -0.11768 -1.25200 0.21243 0.20364 0.54000 cblt
148.37823 -30.95353 0.84628 -0.44941 -2.30600 0.25429 0.24072 0.53100 cble
150.34037 -26.67132 1.96883 -0.41872 -7.62500 0.33870 0.27916 0.68000 cbla
144.97355 -37.73948 0.84193 -1.35027 -5.08000 0.72525 0.56713 2.12000 cbg2
147.49916 -41.93254 0.34616 -0.63996 -1.61900 0.48588 0.44600 0.97600 cbel
145.83616 -31.51365 -0.06669 -0.19885 0.00100 0.28160 0.26379 0.66900 cbar
148.05125 -22.14827 3.35154 -0.15908 2.79100 2.45646 1.70047 4.06700 cavl
146.36593 -33.28842 0.24672 -0.37426 -1.68200 0.24926 0.24619 0.65000 car7
148.24860 -21.99372 -0.06655 -3.40488 3.63600 0.37159 0.39406 1.04100 car6
148.04001 -23.12179 -14.25184 -2.57378 -7.53700 2.43344 2.00038 1.59900 cap2
149.15750 -37.56486 0.02267 -0.51805 -1.40900 0.24790 0.25948 0.71800 canr
148.67200 -20.28906 -0.27543 0.52428 -1.77900 0.56134 0.39927 1.41700 can3
140.91719 -21.86264 0.61844 -3.40291 11.95200 0.36460 0.32871 0.89300 can2
151.21089 -23.99975 0.78078 0.28940 -5.53700 0.37613 0.38242 1.53700 calo
148.77643 -20.89846 0.92408 0.65064 -0.94100 0.33842 0.29271 0.89700 caln
150.69124 -34.17888 17.10217 -22.05403 -5.36200 1.22866 3.09118 2.32200 ca19
150.76020 -34.07194 -0.09476 -0.97392 -2.71100 0.28519 0.28930 0.57500 ca10
150.63915 -34.22161 0.25634 0.66100 -1.60500 0.28616 0.27239 0.60300 ca07
115.30883 -33.67435 -0.05225 -0.70705 -1.38400 0.30121 0.27735 0.94400 buss
115.34905 -33.65054 0.12179 -0.14408 -1.01300 0.37798 0.37233 0.95900 bus2
145.93430 -30.09526 0.47738 0.49074 0.04500 0.24617 0.24907 0.50800 burk
145.91485 -41.05006 -0.39469 0.73766 -1.61300 0.44851 0.39992 1.03100 bur1
151.08967 -30.18510 0.09730 -0.42248 -2.17800 0.34371 0.32025 0.73900 bund
148.16780 -37.49800 0.19837 -0.55665 -2.54600 0.25218 0.24608 0.77100 buch
146.99820 -42.38582 -3.05665 -3.11616 -1.80700 1.13010 1.17463 2.67300 btwl
147.97938 -21.82303 0.26731 0.74273 0.58200 0.51835 0.53364 1.27000 bsoa
146.86082 -29.96840 0.95362 -0.04261 -2.53700 0.50655 0.26250 0.65200 brw2
150.85835 -34.56417 0.54018 -0.05207 -0.52300 0.34693 0.34718 0.98000 brrk
136.30227 -16.05450 -0.47480 0.09619 2.51300 0.29974 0.29157 0.78700 brla
151.16992 -28.12546 -1.85606 0.27364 -1.46900 0.92394 0.55809 1.20600 bri4
149.78519 -35.44648 0.30180 -0.17772 -1.15300 0.24124 0.22284 0.58100 brdw
153.16319 -27.00906 0.96539 -0.65774 2.47000 0.59819 0.52752 1.54400 brbi
150.60730 -30.38034 -0.06667 0.21835 -1.37900 0.31262 0.24240 0.58500 brba
146.05522 -17.59011 -0.32802 -0.15258 -1.78100 0.53842 0.51144 1.97400 boyd
147.00409 -42.38203 0.12171 -0.97206 -1.03100 0.33423 0.38046 0.71800 both
143.72258 -36.13592 0.53012 0.33194 -3.62900 0.26913 0.39388 1.09700 bort
150.64078 -31.51222 0.27602 0.21966 -0.74900 0.25693 0.25959 0.60100 bora
148.70170 -34.43831 0.34183 -1.53243 -0.76800 0.29335 0.28913 0.60800 boor
142.66801 -36.34018 -1.46469 5.83229 -4.44900 0.55547 0.73407 0.95400 bool
144.88232 -38.40961 0.16940 -0.37430 -2.50500 0.32921 0.33360 0.93700 bone
149.23709 -36.91204 0.29343 -0.33390 -2.22100 0.23508 0.23332 0.51700 bomb
142.84094 -37.71155 0.63977 0.00846 -2.40200 0.28317 0.26908 0.69000 bolc
142.84085 -37.71168 3.21379 1.95544 -10.71000 1.46160 1.21067 6.12300 bola
116.36665 -32.74026 -1.82748 -0.55133 2.81800 0.84427 0.77139 3.95900 bodd
146.00597 -36.54385 0.85965 -0.08857 -2.35500 0.24755 0.25768 0.68900 bnla
148.88491 -37.14748 0.33121 -0.35586 -0.87400 0.25258 0.27867 0.76500 bndc
145.06446 -37.68084 -0.32318 -0.15912 -1.71300 0.54417 0.66110 1.70500 bnd1
115.63814 -33.31918 -0.49261 -0.17073 -0.97500 0.45258 0.45182 1.24400 bnby
144.44212 -37.67679 -0.07537 -0.45478 -3.11300 0.48741 0.46069 1.21300 bmsh
147.98808 -21.79732 5.01480 2.41926 -41.31700 1.05010 0.70715 7.63200 bmdw
138.70702 -31.10632 -0.17201 -0.10370 -0.86500 0.26845 0.25204 0.54700 bman
172.73250 -43.55736 -27.01611 -14.04295 -7.97600 2.30825 2.03543 2.87800 bm8a
143.56741 -34.64585 -0.74849 0.04369 -1.43900 0.27541 0.24254 0.59900 blrn
115.92530 -31.94703 -0.62848 -0.57175 -0.72800 0.32166 0.31445 0.71600 blmt
150.90879 -33.77174 0.44520 -0.32744 -1.55300 0.27945 0.28951 0.65400 blkt
117.11212 -31.92616 -0.78075 -0.28723 -1.64300 0.41063 0.37855 1.11400 blkg
144.88563 -33.86685 0.50272 -0.46511 -2.69400 0.36505 0.32847 0.77200 blgl
150.24472 -31.65428 0.37288 0.05658 -1.15400 0.27370 0.25659 0.65700 blck
139.61537 -34.35109 0.93695 0.72938 -0.19900 1.08664 0.86665 3.66500 blch
141.47010 -31.99629 -0.25132 0.22574 -0.73700 0.21681 0.20949 0.44700 bknl
148.96419 -30.10165 3.22687 -1.05821 7.71400 0.52753 0.29564 0.55900 bjct
142.91284 -35.98544 1.68103 -1.78828 -2.33200 0.65623 0.32057 0.76100 birc
115.69753 -33.15318 -0.35148 -0.36471 -0.73100 0.28337 0.24656 0.55300 binn
151.65233 -32.41177 0.57185 -0.01620 -0.95000 0.26325 0.24605 0.59000 bing
149.04748 -26.66509 9.61753 -1.62231 -4.79300 0.57678 0.56943 1.69100 bind
148.02623 -36.28075 0.36387 -0.51121 0.97400 0.30149 0.31111 1.64500 bigg
148.30364 -41.87379 0.33734 -0.25258 -1.10300 0.43665 0.40758 0.93100 bich
150.85835 -34.56417 0.01918 -0.07608 -0.88400 0.50999 0.46210 1.42300 bht2
150.71496 -33.90753 0.79844 -0.72426 1.30300 0.65734 0.62401 1.90100 bgl3
142.27232 -35.84957 1.76833 1.63150 -7.49100 0.80891 1.08772 2.49400 beul
142.41471 -35.94000 0.27163 -0.08608 -1.38700 0.24581 0.25019 0.83700 beua
150.07597 -36.43062 -0.15827 -0.42624 -2.25800 0.31418 0.30925 0.63700 berm
140.60203 -34.28465 0.15157 -0.34192 -0.74100 0.33560 0.34427 0.98100 ber5
146.00622 -36.54390 0.95183 0.64150 -5.48200 0.57062 0.50994 1.49900 bena
130.98035 -12.79561 -0.92358 -0.77562 -3.03800 1.02384 0.70498 2.51600 begs
149.84201 -36.67591 0.01770 -0.26424 -1.23300 0.22809 0.22379 0.55600 beg1
152.95525 -26.85806 1.23220 -0.46422 1.51100 0.53572 0.47651 1.83400 beah
152.38318 -24.77201 0.05193 0.07288 0.52800 0.47124 0.46230 1.51900 bdyp
139.34791 -25.90041 0.17023 0.18244 -0.79600 0.24164 0.23434 0.55300 bdvl
149.52201 -25.51046 0.52538 -0.44260 -2.32300 0.89406 1.74841 1.40500 bdmr
144.44212 -37.67679 0.97563 -0.72778 -1.18200 0.31943 0.35920 1.03000 bcus
142.91283 -35.98551 -7.28993 0.96972 0.95300 1.44656 0.61025 0.97100 bchp
146.65399 -32.34187 0.54104 -0.25872 -1.40800 0.31995 0.32247 0.71600 bbdh
149.56722 -33.42968 0.16054 -0.05858 -1.11100 0.21949 0.21159 0.51900 bat2
149.79583 -24.15901 2.05325 0.62264 -9.03000 0.60325 0.76400 1.41100 bar9
151.03633 -33.91507 0.31536 -0.28862 -1.36100 0.25915 0.25920 0.58700 bank
146.15561 -18.83733 -2.19405 -1.72708 -2.47600 0.54749 0.53860 1.66100 bamb
153.56409 -28.87266 0.36003 0.10462 -0.87700 0.23171 0.21954 0.61900 baln
141.84224 -37.24878 0.31189 -0.04174 -2.17400 0.24640 0.24935 0.66200 balm
143.85492 -37.55888 1.79523 -0.65931 -1.15600 0.22118 0.22656 0.59600 ball
115.84257 -33.76668 -0.37977 -0.19091 -1.92800 0.21498 0.21762 0.46000 bali
115.80907 -31.86407 1.00436 -1.48948 -2.78900 0.63627 0.60822 1.91700 balc
123.86806 -32.46077 -0.00104 -0.23681 -0.41200 0.22623 0.22568 0.54000 bala
144.44211 -37.67661 1.02351 1.42022 -4.44100 1.13379 1.50850 4.10400 bacc
145.91466 -17.36798 -0.69195 -0.07061 -0.91700 0.36636 0.37468 1.32900 babn
117.01959 -33.44820 0.03597 0.58623 -4.03100 0.46895 0.52768 1.38800 athr
145.47605 -17.26745 0.66982 -0.15140 -0.99500 0.31770 0.33762 0.83900 athe
151.09315 -29.32435 0.34509 -0.01094 -0.86000 0.26250 0.26422 0.56400 ashf
125.92436 -31.80911 0.09835 -0.23636 -0.89000 0.22327 0.22322 0.49400 arub
142.93128 -37.28279 0.75804 -0.15590 -1.89700 0.29000 0.26703 0.73100 arrt
151.66583 -30.51461 0.36617 -0.02507 -1.19200 0.21953 0.21860 0.46900 armd
145.24546 -22.95681 0.53962 0.33284 -0.56000 0.26327 0.26756 0.58700 armc
146.90346 -34.35085 0.76370 4.06412 0.81600 0.33144 0.46436 0.61900 ard3
151.67469 -30.52087 0.45189 0.00258 -0.84500 0.30004 0.27207 0.58200 ard2
148.85787 -25.27177 1.24320 -0.83635 -2.95400 0.50888 0.46454 1.05600 arcd
142.93369 -37.28346 1.92194 -0.03326 -6.03900 0.90995 0.87092 2.62400 arar
141.08324 -36.96756 -0.07444 -0.77713 -1.62900 0.25350 0.24876 0.70600 apsl
143.64994 -38.75899 0.51620 -0.58824 -3.34500 0.60474 0.65890 1.75400 apol
142.02680 -36.29540 0.80735 -1.27597 -1.39700 0.23097 0.23244 0.69700 antw
152.08633 -32.78479 0.10032 0.18320 -1.94300 0.23924 0.23530 0.54300 anna
144.19319 -38.39625 0.19933 -0.55239 10.28800 0.25764 0.25308 1.03600 ang4
146.37639 -41.20493 0.34087 -0.39831 -2.50800 0.31341 0.32408 0.66900 amb1
145.69935 -37.18840 0.71477 -1.43795 -5.49700 1.07083 0.81385 2.43900 alxa
140.49329 -34.70987 -0.06815 -1.11348 -1.39500 0.35467 0.37429 1.09600 alw2
174.47183 -36.95977 -4.15841 -1.82743 -14.03200 2.99015 5.02713 15.16000 als2
146.91556 -36.07753 0.45797 -0.29233 -1.73500 0.21906 0.23193 0.51400 alb2
148.78398 -35.99287 0.03339 -0.44927 -3.35400 0.33947 0.34120 0.80400 admn
138.60366 -34.93121 -0.01935 -0.48390 -1.02100 0.36538 0.36391 0.85300 adel
138.64752 -34.72838 -0.78454 0.74226 1.48100 0.52910 0.46468 1.49300 ade4
138.64752 -34.72838 -0.83054 0.87226 1.50200 0.51514 0.47813 1.52800 ade3
138.57974 -34.94299 0.49260 -0.61373 -1.29300 0.55836 0.48196 1.19200 adde
151.69962 -27.27029 -0.16431 -0.66242 -2.38400 0.31039 0.30129 0.90200 acl2
153.03876 -27.59852 3.09393 1.99650 -0.13400 0.37304 0.33871 1.04700 aca4
117.88657 -35.02714 -0.07663 -0.40624 -2.55600 0.34161 0.32706 0.75100 abny
137.15726 -32.99605 0.14714 1.56497 3.96100 0.67110 0.70139 2.83000 abar
151.88700 -24.15901 0.76680 -0.00766 0.23000 0.27098 0.26119 0.66800 a770
116.72543 -30.90257 -0.32623 -0.03682 -1.60700 0.54248 0.55606 1.21500 8whs
118.28447 -31.48002 -0.26777 -0.29513 -1.57500 0.55726 0.47146 1.22400 8mrr
118.15807 -32.67028 -0.20116 -0.11632 -1.73300 0.52852 0.49774 1.12900 8kln
117.57220 -33.69044 -0.38074 -0.19211 -0.03000 0.55355 0.49134 1.31000 8kat
114.62574 -28.74569 0.37263 -0.06636 -0.92700 0.55024 0.56127 1.16000 8grd
115.65638 -33.36632 1.72157 1.07539 -1.83500 2.24692 1.57581 7.51600 8bun
148.24803 -41.32581 -0.01215 -1.02052 -1.01200 0.53433 0.52246 1.32500 7sth
147.31164 -42.97567 -0.23413 -0.78032 -1.47800 0.61910 0.54747 1.45800 7kng
146.95170 -41.30011 -0.27785 -0.88656 -0.95300 0.76250 0.70502 2.04100 7exe
146.59878 -41.52256 0.43260 -0.88667 -0.69900 0.38630 0.40362 0.90100 7dln
147.24490 -42.76629 -0.29145 -1.21310 -1.21700 0.94735 0.94479 2.38700 7auf
137.60627 -35.01703 0.07959 -0.33907 -0.05400 0.69352 0.66993 1.54500 5yor
138.35077 -35.45718 -0.07583 -0.61972 -1.05600 0.51945 0.51687 1.22400 5yan
135.52783 -33.21709 -0.43823 -1.40668 -1.16600 0.54558 0.50083 1.40500 5wrb
135.53179 -34.45933 -0.07614 -0.79387 -2.21800 0.59975 0.51164 1.51300 5wng
137.62985 -34.58968 0.91909 -2.30526 -0.32100 0.93271 0.59511 1.93000 5wlt
138.89585 -35.27031 -0.24358 -0.72183 -1.03200 0.59298 0.53045 1.41400 5str
139.76777 -35.30395 0.23546 -0.76351 -1.65100 0.62427 0.60602 1.51400 5slk
138.74560 -34.16832 0.15102 -0.77047 -1.05600 0.62607 0.55358 1.52200 5rvt
138.63936 -34.43285 -0.06724 -1.05696 -0.51800 0.55436 0.53176 1.40800 5rvp
140.73392 -34.17544 0.15677 -0.31050 -1.60500 0.46027 0.43951 1.17600 5rmk
138.57130 -34.86919 -0.32046 -0.89703 -0.12300 0.49896 0.52526 1.28800 5reg
139.02133 -34.03273 2.82050 -1.56539 -1.73500 1.34750 0.50378 1.39900 5rbt
137.76406 -32.49086 0.00821 -0.39752 -0.61200 0.48286 0.46282 1.50900 5pta
140.52984 -36.65029 -0.00280 -0.42301 -0.98300 0.52731 0.49208 1.24200 5pdy
140.73029 -36.95917 0.23727 -0.44080 -2.01900 0.48874 0.47444 1.23900 5nar
138.84543 -35.05337 0.05909 0.00513 -0.79900 0.52416 0.51951 1.54900 5mtb
135.15062 -32.83702 -0.00925 -1.18055 -2.83300 0.53468 0.51536 1.50100 5mip
139.33785 -35.68917 3.19598 -2.28301 -3.31300 0.79851 0.83216 3.82200 5men
139.30725 -34.91492 0.27738 -0.99917 -1.51000 0.61802 0.57237 1.74700 5man
140.17782 -35.16101 0.63904 -0.74954 -2.59500 0.64325 0.59302 1.54700 5mam
138.88953 -34.60236 2.83911 0.33210 2.02300 0.61212 0.58310 1.47400 5lyn
135.70644 -33.59387 -0.98880 -0.92245 -2.60000 0.63430 0.63532 1.65800 5lok
138.32074 -33.96822 -1.61762 -1.10353 1.55800 0.57956 0.56493 1.53100 5lch
140.41490 -35.37094 -0.79519 -1.34232 -1.47000 0.60822 0.70318 1.37300 5lar
140.34077 -36.09996 0.00318 -0.40449 -2.05000 0.51159 0.49683 1.26300 5kth
136.41847 -33.14539 -0.34851 -0.41400 -1.04600 0.51960 0.48525 1.27400 5kmb
135.33946 -34.13789 -0.10740 -0.61923 -1.17400 0.56679 0.51411 1.48600 5hpe
140.72250 -37.19649 -0.09998 -0.52008 -2.38900 0.51240 0.48662 1.23000 5gln
140.77397 -37.82887 0.35840 -0.72019 -1.20800 0.53514 0.57712 1.51800 5ga2
140.91419 -36.73149 0.18733 -0.61460 -2.79900 0.53234 0.46867 1.15600 5frc
135.10764 -33.14123 0.22261 -0.38737 -1.29200 0.52582 0.48163 1.16300 5dmp
134.72866 -32.91658 -0.14187 -0.33622 -2.22100 0.54420 0.54185 1.34700 5cpr
136.50133 -33.70147 -0.32165 -0.21994 -0.89000 0.55970 0.53030 1.43100 5clv
139.83871 -35.80531 0.08986 -0.57250 -1.75400 0.59475 0.58149 1.47700 5clb
138.44494 -34.14242 2.14047 2.16987 2.93100 0.63609 0.65135 1.52700 5cal
139.63664 -34.89018 0.46090 -0.36492 -2.28100 0.61630 0.55068 1.67600 5bwh
138.72653 -33.52028 -21.58918 -42.62273 -1.03500 8.04808 5.22816 2.51000 5boo
140.13617 -37.00216 -0.34441 -0.24896 -2.09000 0.50652 0.46240 1.07600 5avr
148.81985 -26.57538 0.31191 -0.92172 -0.68700 0.53003 0.46530 1.63300 4rma
151.28204 -27.94955 2.95160 0.79333 -1.34000 0.54082 0.46665 1.21000 4mrn
149.15887 -21.11720 64.87740 439.68713 1051.39100 0.71482 0.75317 2.52000 4mck
153.03338 -26.66279 0.22383 0.31192 -2.36600 0.44573 0.45774 1.26400 4mc0
152.80982 -25.29967 1.08075 0.34495 0.99600 0.67247 0.63872 2.29700 4hvb
153.33626 -27.92187 0.38714 -0.72431 -0.59800 0.43519 0.43326 1.28500 4hln
150.30455 -28.54690 0.22775 -0.39271 0.35200 0.49257 0.48668 1.64000 4gw2
147.94992 -21.75553 -0.16837 -0.79492 -1.43300 0.58246 0.50308 1.83500 4grm
151.23215 -23.85446 -0.26594 -0.23945 -1.37300 0.52412 0.49173 1.72000 4gle
151.24455 -23.83918 0.62518 1.20296 -0.09900 0.41351 0.46069 1.37200 4gld
145.74248 -16.95238 0.20715 1.45193 2.80400 0.45694 0.43669 1.41000 4crn
153.05013 -27.49151 0.78675 1.04742 8.75100 0.47060 0.52104 4.48300 4coo
153.55611 -28.24457 1.01569 0.65786 1.65500 0.44161 0.46062 2.60700 4cda
142.39315 -36.25282 -0.02790 -0.63759 -2.99600 0.51602 0.52645 1.28500 3wkb
151.11633 -33.76879 0.80104 0.11119 2.41800 0.78964 0.68594 2.42100 2try
